1,640
2,87
3,60
4,81
5,74
6,62
7,81
8,60
9,51
10,64
11,77
12,73
13,93
14,85
15,90
16,81
17,64
18,83
19,80
20,82
21,91
22,76
23,61
24,82
25,74
26,70
27,69
28,80
29,94
30,80
31,95
32,87
33,93
34,136
35,88
36,116
37,92
38,81
39,78
40,98
41,65
42,125
43,143
44,116
45,80
46,75
47,138
48,109
49,94
50,105
51,139
52,112
53,105
54,110
55,88
56,146
57,125
58,97
59,97
60,77
61,94
62,101
63,89
64,118
65,131
66,108
67,105
68,118
69,124
70,106
71,99
72,115
73,145
74,209
75,149
76,131
77,127
78,143
79,134
80,128
81,99
82,119
83,82
84,139
85,140
86,108
87,149
88,62
89,113
90,91
91,102
92,127
93,69
94,111
95,99
96,175
97,112
98,149
99,133
100,133
101,164
102,154
103,101
104,104
105,144
106,119
107,144
108,88
109,127
110,150
111,90
112,102
113,117
114,96
115,144
116,157
117,100
118,134
119,108
120,113
121,71
122,149
123,83
124,129
125,166
126,114
127,91
128,100
129,140
130,140
131,154
132,132
133,167
134,151
135,133
136,177
137,131
138,111
139,154
140,156
141,160
142,139
143,107
144,219
145,150
146,96
147,153
148,113
149,156
150,73
151,151
152,180
153,186
154,106
155,107
156,129
157,112
158,151
159,162
160,132
161,162
162,162
163,157
164,135
165,146
166,139
167,157
168,109
169,148
170,115
171,102
172,119
173,100
174,128
175,93
176,170
177,131
178,111
179,141
180,127
181,149
182,159
183,140
184,213
185,201
186,123
187,122
188,144
189,117
190,151
191,131
192,104
193,205
194,116
195,145
196,140
197,125
198,189
199,263
200,126
201,161
202,126
203,138
204,162
205,137
206,114
207,137
208,204
209,198
210,96
211,167
212,125
213,169
214,158
215,144
216,133
217,120
218,124
219,148
220,153
221,156
222,106
223,99
224,151
225,121
226,95
227,123
228,124
229,198
230,193
231,220
232,176
233,186
234,121
235,252
236,188
237,165
238,188
239,144
240,218
241,229
242,139
243,165
244,152
245,223
246,158
247,145
248,202
249,217
250,1130
251,173
252,101
253,143
254,118
255,163
256,184
257,147
258,126
259,169
260,142
261,175
262,302
263,183
264,183
265,166
266,184
267,288
268,168
269,183
270,155
271,220
272,179
273,190
274,173
275,187
276,111
277,106
278,148
279,205
280,159
281,140
282,148
283,118
284,163
285,143
286,201
287,162
288,130
289,105
290,208
291,137
292,150
293,137
294,167
295,221
296,147
297,190
298,208
299,127
300,140
301,153
302,146
303,256
304,175
305,156
306,162
307,146
308,125
309,129
310,177
311,133
312,218
313,163
314,72
315,126
316,128
317,173
318,151
319,177
320,154
321,172
322,156
323,123
324,202
325,167
326,146
327,164
328,143
329,129
330,174
331,181
332,141
333,149
334,176
335,198
336,218
337,128
338,175
339,156
340,142
341,203
342,200
343,142
344,138
345,151
346,216
347,158
348,118
349,124
350,180
351,134
352,165
353,195
354,173
355,254
356,153
357,137
358,150
359,150
360,145
361,138
362,190
363,79
364,132
365,146
366,134
367,157
368,201
369,54
370,144
371,214
372,120
373,159
374,257
375,205
376,155
377,217
378,198
379,103
380,149
381,259
382,144
383,176
384,151
385,175
386,145
387,143
388,190
389,147
390,195
391,133
392,174
393,166
394,238
395,158
396,165
397,187
398,183
399,154
400,183
401,159
402,179
403,161
404,108
405,214
406,209
407,183
408,153
409,134
410,151
411,203
412,108
413,117
414,173
415,155
416,154
417,146
418,223
419,129
420,231
421,166
422,161
423,130
424,132
425,130
426,164
427,103
428,181
429,221
430,175
431,145
432,179
433,113
434,196
435,163
436,170
437,118
438,147
439,203
440,211
441,147
442,227
443,177
444,208
445,196
446,116
447,203
448,190
449,200
450,193
451,94
452,184
453,150
454,184
455,178
456,179
457,198
458,189
459,122
460,158
461,150
462,120
463,195
464,140
465,130
466,137
467,167
468,142
469,162
470,174
471,161
472,154
473,171
474,224
475,197
476,176
477,131
478,159
479,238
480,125
481,172
482,191
483,217
484,159
485,133
486,173
487,132
488,168
489,208
490,219
491,212
492,206
493,164
494,151
495,202
496,227
497,159
498,153
499,232
500,242
501,198
502,195
503,144
504,209
505,216
506,184
507,177
508,154
509,141
510,168
511,244
512,158
513,138
514,212
515,165
516,179
517,196
518,226
519,221
520,180
521,175
522,162
523,136
524,165
525,203
526,164
527,171
528,196
529,190
530,190
531,228
532,131
533,171
534,201
535,178
536,197
537,167
538,172
539,262
540,136
541,185
542,143
543,165
544,166
545,125
546,232
547,182
548,188
549,278
550,225
551,161
552,235
553,219
554,182
555,181
556,202
557,184
558,269
559,151
560,181
561,195
562,216
563,168
564,176
565,192
566,207
567,137
568,161
569,209
570,133
571,158
572,203
573,163
574,272
575,254
576,298
577,232
578,154
579,201
580,186
581,155
582,245
583,224
584,251
585,191
586,223
587,219
588,152
589,208
590,141
591,226
592,176
593,234
594,173
595,178
596,209
597,175
598,234
599,216
600,150
601,161
602,208
603,179
604,178
605,205
606,310
607,268
608,173
609,236
610,177
611,217
612,239
613,206
614,238
615,212
616,172
617,263
618,123
619,182
620,287
621,136
622,207
623,243
624,284
625,133
626,188
627,210
628,254
629,210
630,216
631,164
632,177
633,194
634,240
635,257
636,294
637,258
638,138
639,247
640,215
641,165
642,220
643,215
644,136
645,185
646,237
647,255
648,234
649,293
650,273
651,141
652,209
653,192
654,272
655,162
656,199
657,212
658,244
659,205
660,259
661,245
662,196
663,255
664,156
665,258
666,208
667,209
668,186
669,211
670,187
671,250
672,156
673,157
674,118
675,244
676,227
677,223
678,173
679,237
680,225
681,210
682,228
683,319
684,155
685,197
686,252
687,239
688,225
689,247
690,203
691,189
692,147
693,174
694,284
695,196
696,242
697,246
698,222
699,297
700,228
701,227
702,285
703,170
704,217
705,179
706,186
707,268
708,200
709,199
710,234
711,242
712,237
713,147
714,198
715,287
716,150
717,178
718,228
719,170
720,231
721,123
722,203
723,224
724,196
725,146
726,263
727,196
728,125
729,192
730,195
731,161
732,207
733,217
734,124
735,312
736,224
737,242
738,236
739,186
740,151
741,159
742,273
743,199
744,162
745,194
746,247
747,187
748,225
749,212
750,208
751,174
752,216
753,287
754,174
755,223
756,178
757,203
758,187
759,163
760,161
761,230
762,266
763,268
764,152
765,292
766,119
767,295
768,210
769,251
770,161
771,166
772,286
773,168
774,234
775,201
776,259
777,202
778,161
779,196
780,232
781,210
782,148
783,205
784,299
785,160
786,248
787,154
788,234
789,273
790,210
791,237
792,160
793,223
794,147
795,169
796,178
797,364
798,244
799,233
800,358
801,244
802,210
803,247
804,175
805,211
806,106
807,241
808,283
809,140
810,227
811,233
812,167
813,274
814,278
815,174
816,178
817,225
818,169
819,167
820,165
821,162
822,222
823,203
824,208
825,239
826,197
827,271
828,234
829,185
830,209
831,215
832,272
833,255
834,244
835,197
836,181
837,162
838,281
839,177
840,183
841,249
842,192
843,129
844,246
845,271
846,194
847,279
848,277
849,194
850,196
851,259
852,137
853,244
854,331
855,255
856,220
857,245
858,172
859,158
860,281
861,216
862,319
863,244
864,128
865,305
866,192
867,301
868,212
869,287
870,310
871,256
872,213
873,286
874,302
875,277
876,199
877,210
878,281
879,134
880,176
881,291
882,286
883,213
884,273
885,161
886,260
887,166
888,182
889,178
890,259
891,308
892,235
893,249
894,196
895,244
896,217
897,266
898,128
899,234
900,201
901,284
902,254
903,177
904,306
905,268
906,288
907,175
908,224
909,347
910,196
911,163
912,234
913,225
914,162
915,318
916,254
917,181
918,295
919,235
920,138
921,193
922,189
923,241
924,239
925,201
926,262
927,316
928,90
929,235
930,209
931,234
932,188
933,172
934,167
935,220
936,239
937,189
938,247
939,431
940,301
941,281
942,221
943,170
944,272
945,326
946,200
947,272
948,204
949,327
950,198
951,280
952,279
953,175
954,200
955,232
956,288
957,192
958,221
959,130
960,198
961,239
962,249
963,173
964,346
965,322
966,219
967,361
968,276
969,208
970,317
971,243
972,519
973,396
974,302
975,290
976,261
977,249
978,194
979,243
980,227
981,234
982,292
983,306
984,255
985,301
986,250
987,279
988,288
989,235
990,318
991,249
992,163
993,94
994,183
995,172
996,254
997,298
998,319
999,185
1000,234
1001,194
1002,198
1003,314
1004,304
1005,240
1006,233
1007,283
1008,160
1009,194
1010,263
1011,242
1012,221
1013,139
1014,306
1015,326
1016,200
1017,257
1018,254
1019,394
1020,392
1021,168
1022,165
1023,238
1024,275
1025,377
1026,252
1027,310
1028,236
1029,369
1030,366
1031,314
1032,190
1033,333
1034,279
1035,287
1036,303
1037,243
1038,283
1039,397
1040,258
1041,237
1042,221
1043,199
1044,169
1045,221
1046,199
1047,163
1048,368
1049,233
1050,322
1051,341
1052,231
1053,263
1054,219
1055,192
1056,231
1057,142
1058,216
1059,256
1060,279
1061,298
1062,148
1063,271
1064,207
1065,290
1066,291
1067,154
1068,235
1069,282
1070,257
1071,156
1072,226
1073,205
1074,265
1075,331
1076,147
1077,337
1078,203
1079,252
1080,123
1081,200
1082,259
1083,337
1084,310
1085,231
1086,253
1087,176
1088,216
1089,210
1090,195
1091,219
1092,280
1093,246
1094,206
1095,288
1096,201
1097,147
1098,311
1099,231
1100,212
1101,166
1102,282
1103,362
1104,210
1105,253
1106,218
1107,269
1108,233
1109,266
1110,228
1111,165
1112,396
1113,313
1114,234
1115,270
1116,237
1117,227
1118,205
1119,277
1120,305
1121,231
1122,259
1123,283
1124,325
1125,378
1126,284
1127,222
1128,231
1129,259
1130,194
1131,399
1132,392
1133,237
1134,232
1135,355
1136,266
1137,189
1138,253
1139,130
1140,232
1141,266
1142,298
1143,185
1144,184
1145,258
1146,320
1147,257
1148,252
1149,216
1150,213
1151,298
1152,269
1153,244
1154,219
1155,248
1156,128
1157,176
1158,197
1159,276
1160,286
1161,294
1162,227
1163,236
1164,360
1165,247
1166,254
1167,187
1168,224
1169,250
1170,211
1171,255
1172,203
1173,371
1174,327
1175,276
1176,254
1177,226
1178,320
1179,217
1180,242
1181,230
1182,136
1183,168
1184,258
1185,227
1186,222
1187,356
1188,236
1189,241
1190,222
1191,156
1192,261
1193,264
1194,220
1195,227
1196,249
1197,250
1198,139
1199,315
1200,227
1201,273
1202,360
1203,181
1204,200
1205,246
1206,274
1207,291
1208,159
1209,227
1210,201
1211,235
1212,326
1213,319
1214,159
1215,216
1216,363
1217,288
1218,236
1219,276
1220,175
1221,244
1222,252
1223,296
1224,271
1225,286
1226,239
1227,277
1228,209
1229,238
1230,292
1231,189
1232,218
1233,352
1234,403
1235,348
1236,221
1237,273
1238,176
1239,268
1240,310
1241,205
1242,290
1243,259
1244,231
1245,221
1246,276
1247,240
1248,182
1249,186
1250,256
1251,211
1252,275
1253,205
1254,177
1255,216
1256,305
1257,306
1258,189
1259,213
1260,119
1261,246
1262,215
1263,255
1264,218
1265,231
1266,255
1267,176
1268,204
1269,242
1270,219
1271,233
1272,243
1273,276
1274,185
1275,274
1276,240
1277,216
1278,171
1279,226
1280,253
1281,490
1282,252
1283,273
1284,179
1285,192
1286,302
1287,273
1288,257
1289,221
1290,299
1291,253
1292,371
1293,202
1294,250
1295,217
1296,261
1297,233
1298,182
1299,286
1300,376
1301,230
1302,201
1303,287
1304,253
1305,198
1306,305
1307,173
1308,270
1309,238
1310,260
1311,204
1312,350
1313,156
1314,202
1315,318
1316,216
1317,214
1318,398
1319,210
1320,220
1321,158
1322,272
1323,260
1324,235
1325,264
1326,160
1327,278
1328,166
1329,291
1330,172
1331,369
1332,203
1333,217
1334,154
1335,142
1336,275
1337,233
1338,243
1339,276
1340,265
1341,249
1342,332
1343,247
1344,198
1345,309
1346,227
1347,189
1348,333
1349,274
1350,177
1351,255
1352,290
1353,208
1354,263
1355,170
1356,191
1357,237
1358,241
1359,352
1360,158
1361,309
1362,346
1363,250
1364,296
1365,254
1366,242
1367,187
1368,286
1369,210
1370,393
1371,274
1372,254
1373,262
1374,252
1375,247
1376,263
1377,287
1378,196
1379,261
1380,286
1381,280
1382,270
1383,260
1384,464
1385,277
1386,210
1387,265
1388,254
1389,274
1390,308
1391,288
1392,248
1393,222
1394,243
1395,320
1396,298
1397,180
1398,224
1399,325
1400,243
1401,301
1402,307
1403,279
1404,226
1405,174
1406,276
1407,401
1408,299
1409,350
1410,255
1411,369
1412,263
1413,167
1414,171
1415,233
1416,282
1417,200
1418,249
1419,253
1420,260
1421,383
1422,317
1423,435
1424,231
1425,163
1426,212
1427,230
1428,306
1429,222
1430,249
1431,242
1432,196
1433,261
1434,317
1435,308
1436,234
1437,167
1438,153
1439,304
1440,212
1441,210
1442,263
1443,169
1444,251
1445,274
1446,250
1447,291
1448,246
1449,230
1450,321
1451,202
1452,290
1453,300
1454,213
1455,189
1456,180
1457,389
1458,251
1459,212
1460,332
1461,270
1462,254
1463,237
1464,304
1465,233
1466,208
1467,348
1468,213
1469,255
1470,212
1471,236
1472,279
1473,265
1474,265
1475,269
1476,197
1477,217
1478,372
1479,225
1480,352
1481,247
1482,213
1483,201
1484,274
1485,288
1486,217
1487,196
1488,349
1489,306
1490,164
1491,194
1492,153
1493,254
1494,278
1495,266
1496,294
1497,270
1498,180
1499,329
1500,280
1501,275
1502,224
1503,217
1504,294
1505,514
1506,260
1507,340
1508,368
1509,302
1510,277
1511,228
1512,183
1513,300
1514,270
1515,243
1516,291
1517,225
1518,231
1519,361
1520,231
1521,233
1522,249
1523,288
1524,254
1525,175
1526,213
1527,251
1528,209
1529,328
1530,282
1531,233
1532,364
1533,193
1534,238
1535,376
1536,208
1537,368
1538,302
1539,207
1540,221
1541,224
1542,342
1543,337
1544,297
1545,402
1546,272
1547,126
1548,328
1549,277
1550,271
1551,292
1552,264
1553,278
1554,249
1555,297
1556,254
1557,291
1558,216
1559,266
1560,343
1561,222
1562,149
1563,156
1564,285
1565,289
1566,287
1567,232
1568,267
1569,283
1570,238
1571,276
1572,284
1573,303
1574,220
1575,202
1576,318
1577,202
1578,222
1579,217
1580,266
1581,285
1582,234
1583,196
1584,310
1585,264
1586,500
1587,220
1588,254
1589,222
1590,262
1591,171
1592,197
1593,259
1594,223
1595,269
1596,188
1597,277
1598,224
1599,378
1600,223
1601,207
1602,337
1603,346
1604,325
1605,277
1606,241
1607,302
1608,248
1609,255
1610,240
1611,250
1612,242
1613,334
1614,293
1615,270
1616,284
1617,276
1618,268
1619,245
1620,262
1621,264
1622,290
1623,196
1624,246
1625,188
1626,234
1627,262
1628,249
1629,236
1630,269
1631,214
1632,323
1633,247
1634,307
1635,316
1636,323
1637,280
1638,289
1639,246
1640,242
1641,349
1642,305
1643,282
1644,246
1645,290
1646,281
1647,254
1648,290
1649,202
1650,255
1651,186
1652,296
1653,160
1654,424
1655,237
1656,279
1657,245
1658,278
1659,275
1660,190
1661,265
1662,298
1663,384
1664,234
1665,286
1666,247
1667,316
1668,242
1669,315
1670,214
1671,293
1672,249
1673,158
1674,288
1675,208
1676,469
1677,256
1678,249
1679,247
1680,218
1681,181
1682,219
1683,321
1684,220
1685,192
1686,267
1687,227
1688,244
1689,452
1690,278
1691,269
1692,257
1693,251
1694,185
1695,210
1696,490
1697,341
1698,263
1699,213
1700,280
1701,294
1702,160
1703,279
1704,255
1705,315
1706,226
1707,252
1708,237
1709,277
1710,193
1711,388
1712,361
1713,184
1714,329
1715,344
1716,259
1717,253
1718,345
1719,219
1720,251
1721,388
1722,294
1723,188
1724,235
1725,194
1726,313
1727,316
1728,306
1729,319
1730,311
1731,261
1732,230
1733,266
1734,309
1735,262
1736,308
1737,320
1738,325
1739,325
1740,249
1741,297
1742,245
1743,304
1744,267
1745,247
1746,202
1747,170
1748,309
1749,332
1750,386
1751,326
1752,381
1753,259
1754,154
1755,312
1756,268
1757,296
1758,281
1759,191
1760,234
1761,270
1762,251
1763,436
1764,271
1765,222
1766,275
1767,327
1768,261
1769,421
1770,348
1771,255
1772,354
1773,281
1774,199
1775,314
1776,205
1777,288
1778,414
1779,204
1780,252
1781,368
1782,223
1783,239
1784,319
1785,267
1786,251
1787,237
1788,259
1789,283
1790,290
1791,356
1792,343
1793,182
1794,329
1795,274
1796,222
1797,303
1798,226
1799,256
1800,288
1801,292
1802,320
1803,288
1804,195
1805,218
1806,255
1807,220
1808,314
1809,307
1810,379
1811,273
1812,196
1813,278
1814,395
1815,302
1816,305
1817,249
1818,203
1819,220
1820,265
1821,298
1822,439
1823,346
1824,214
1825,197
1826,297
1827,266
1828,216
1829,274
1830,253
1831,341
1832,335
1833,290
1834,328
1835,348
1836,293
1837,309
1838,260
1839,223
1840,281
1841,287
1842,228
1843,186
1844,330
1845,253
1846,342
1847,232
1848,240
1849,225
1850,130
1851,355
1852,337
1853,272
1854,205
1855,287
1856,175
1857,285
1858,277
1859,248
1860,280
1861,269
1862,160
1863,278
1864,204
1865,255
1866,210
1867,204
1868,232
1869,203
1870,250
1871,221
1872,252
1873,286
1874,243
1875,294
1876,253
1877,278
1878,288
1879,272
1880,331
1881,226
1882,252
1883,216
1884,406
1885,337
1886,227
1887,301
1888,255
1889,290
1890,188
1891,272
1892,333
1893,379
1894,244
1895,226
1896,222
1897,161
1898,305
1899,243
1900,371
1901,243
1902,196
1903,313
1904,310
1905,396
1906,296
1907,302
1908,288
1909,278
1910,184
1911,336
1912,259
1913,361
1914,351
1915,303
1916,314
1917,335
1918,234
1919,213
1920,248
1921,150
1922,282
1923,329
1924,259
1925,351
1926,375
1927,177
1928,145
1929,292
1930,227
1931,308
1932,299
1933,391
1934,370
1935,311
1936,247
1937,407
1938,311
1939,303
1940,300
1941,422
1942,376
1943,244
1944,348
1945,362
1946,344
1947,322
1948,231
1949,299
1950,296
1951,289
1952,301
1953,146
1954,347
1955,438
1956,213
1957,303
1958,352
1959,347
1960,261
1961,306
1962,307
1963,344
1964,292
1965,219
1966,293
1967,320
1968,350
1969,463
1970,283
1971,308
1972,218
1973,252
1974,218
1975,402
1976,256
1977,255
1978,230
1979,284
1980,285
1981,279
1982,302
1983,160
1984,361
1985,313
1986,311
1987,226
1988,191
1989,238
1990,242
1991,311
1992,285
1993,205
1994,288
1995,300
1996,266
1997,150
1998,296
1999,239
2000,343
2001,221
2002,284
2003,264
2004,346
2005,265
2006,307
2007,265
2008,257
2009,279
2010,322
2011,171
2012,350
2013,260
2014,242
2015,240
2016,246
2017,365
2018,326
2019,239
2020,309
2021,357
2022,280
2023,292
2024,357
2025,290
2026,310
2027,236
2028,286
2029,302
2030,263
2031,293
2032,203
2033,153
2034,281
2035,452
2036,231
2037,202
2038,320
2039,266
2040,222
2041,253
2042,190
2043,352
2044,324
2045,230
2046,333
2047,235
2048,336
2049,190
2050,250
2051,279
2052,284
2053,202
2054,351
2055,160
2056,273
2057,362
2058,291
2059,261
2060,312
2061,343
2062,167
2063,318
2064,261
2065,237
2066,268
2067,249
2068,250
2069,276
2070,218
2071,217
2072,222
2073,178
2074,394
2075,253
2076,250
2077,334
2078,312
2079,304
2080,216
2081,251
2082,264
2083,296
2084,219
2085,306
2086,257
2087,393
2088,384
2089,285
2090,253
2091,166
2092,217
2093,305
2094,248
2095,259
2096,385
2097,253
2098,250
2099,289
2100,239
2101,164
2102,223
2103,247
2104,348
2105,323
2106,285
2107,198
2108,282
2109,318
2110,275
2111,284
2112,275
2113,193
2114,344
2115,321
2116,303
2117,250
2118,237
2119,213
2120,201
2121,306
2122,238
2123,383
2124,160
2125,238
2126,282
2127,354
2128,296
2129,238
2130,283
2131,330
2132,378
2133,200
2134,259
2135,415
2136,404
2137,288
2138,214
2139,338
2140,256
2141,220
2142,382
2143,265
2144,220
2145,208
2146,322
2147,368
2148,257
2149,403
2150,360
2151,155
2152,304
2153,282
2154,274
2155,244
2156,376
2157,325
2158,188
2159,312
2160,306
2161,310
2162,265
2163,296
2164,170
2165,303
2166,272
2167,255
2168,338
2169,265
2170,296
2171,255
2172,170
2173,270
2174,301
2175,404
2176,169
2177,286
2178,297
2179,379
2180,284
2181,218
2182,289
2183,293
2184,199
2185,151
2186,290
2187,271
2188,321
2189,339
2190,360
2191,339
2192,199
2193,182
2194,310
2195,386
2196,211
2197,320
2198,262
2199,388
2200,256
2201,348
2202,313
2203,272
2204,330
2205,209
2206,284
2207,177
2208,300
2209,383
2210,312
2211,311
2212,230
2213,341
2214,314
2215,246
2216,372
2217,344
2218,466
2219,322
2220,301
2221,370
2222,277
2223,293
2224,365
2225,316
2226,255
2227,378
2228,203
2229,371
2230,288
2231,308
2232,274
2233,271
2234,301
2235,396
2236,368
2237,402
2238,332
2239,394
2240,269
2241,329
2242,253
2243,341
2244,201
2245,260
2246,294
2247,322
2248,198
2249,228
2250,366
2251,319
2252,228
2253,231
2254,310
2255,234
2256,314
2257,305
2258,272
2259,344
2260,321
2261,213
2262,349
2263,277
2264,284
2265,219
2266,231
2267,398
2268,266
2269,303
2270,397
2271,256
2272,371
2273,310
2274,298
2275,272
2276,273
2277,300
2278,321
2279,333
2280,263
2281,332
2282,284
2283,272
2284,297
2285,150
2286,220
2287,324
2288,339
2289,375
2290,288
2291,232
2292,473
2293,249
2294,275
2295,256
2296,355
2297,342
2298,254
2299,435
2300,412
2301,384
2302,242
2303,299
2304,245
2305,346
2306,478
2307,272
2308,188
2309,304
2310,327
2311,294
2312,310
2313,171
2314,372
2315,212
2316,393
2317,346
2318,213
2319,296
2320,266
2321,373
2322,258
2323,229
2324,367
2325,227
2326,215
2327,261
2328,364
2329,177
2330,405
2331,338
2332,298
2333,301
2334,343
2335,209
2336,198
2337,246
2338,397
2339,191
2340,198
2341,302
2342,228
2343,331
2344,234
2345,228
2346,373
2347,328
2348,344
2349,286
2350,333
2351,299
2352,295
2353,262
2354,324
2355,259
2356,305
2357,262
2358,272
2359,377
2360,257
2361,275
2362,361
2363,211
2364,264
2365,319
2366,283
2367,325
2368,369
2369,347
2370,308
2371,237
2372,366
2373,290
2374,306
2375,261
2376,198
2377,342
2378,235
2379,285
2380,397
2381,384
2382,323
2383,183
2384,226
2385,271
2386,179
2387,341
2388,228
2389,244
2390,376
2391,391
2392,242
2393,340
2394,289
2395,362
2396,190
2397,333
2398,230
2399,307
2400,241
2401,279
2402,338
2403,443
2404,389
2405,411
2406,304
2407,245
2408,362
2409,238
2410,304
2411,265
2412,269
2413,219
2414,310
2415,317
2416,414
2417,188
2418,363
2419,328
2420,277
2421,332
2422,204
2423,312
2424,265
2425,294
2426,347
2427,281
2428,287
2429,388
2430,194
2431,240
2432,271
2433,317
2434,386
2435,346
2436,378
2437,189
2438,326
2439,402
2440,202
2441,369
2442,294
2443,280
2444,314
2445,345
2446,207
2447,271
2448,412
2449,410
2450,251
2451,307
2452,275
2453,250
2454,292
2455,324
2456,430
2457,431
2458,292
2459,316
2460,367
2461,429
2462,362
2463,309
2464,323
2465,274
2466,434
2467,237
2468,260
2469,262
2470,166
2471,353
2472,354
2473,280
2474,271
2475,293
2476,277
2477,420
2478,213
2479,272
2480,420
2481,291
2482,505
2483,198
2484,271
2485,333
2486,272
2487,275
2488,252
2489,409
2490,309
2491,293
2492,331
2493,337
2494,450
2495,298
2496,201
2497,185
2498,281
2499,327
2500,258
2501,206
2502,331
2503,352
2504,283
2505,274
2506,314
2507,352
2508,266
2509,236
2510,254
2511,262
2512,194
2513,424
2514,256
2515,300
2516,225
2517,237
2518,335
2519,261
2520,361
2521,336
2522,159
2523,353
2524,292
2525,342
2526,320
2527,422
2528,356
2529,213
2530,203
2531,426
2532,248
2533,303
2534,327
2535,222
2536,353
2537,507
2538,298
2539,277
2540,539
2541,251
2542,381
2543,218
2544,352
2545,249
2546,270
2547,344
2548,221
2549,276
2550,288
2551,281
2552,273
2553,427
2554,273
2555,350
2556,190
2557,358
2558,317
2559,331
2560,302
2561,306
2562,346
2563,311
2564,300
2565,283
2566,279
2567,325
2568,278
2569,301
2570,320
2571,259
2572,408
2573,274
2574,339
2575,218
2576,240
2577,271
2578,194
2579,247
2580,215
2581,232
2582,209
2583,263
2584,201
2585,222
2586,331
2587,336
2588,267
2589,290
2590,378
2591,330
2592,187
2593,241
2594,278
2595,329
2596,255
2597,206
2598,269
2599,260
2600,252
2601,293
2602,299
2603,407
2604,214
2605,382
2606,277
2607,314
2608,187
2609,332
2610,250
2611,314
2612,261
2613,256
2614,357
2615,379
2616,295
2617,423
2618,339
2619,501
2620,179
2621,387
2622,343
2623,260
2624,163
2625,435
2626,328
2627,394
2628,381
2629,275
2630,301
2631,260
2632,339
2633,416
2634,231
2635,372
2636,324
2637,252
2638,175
2639,225
2640,301
2641,467
2642,334
2643,272
2644,401
2645,240
2646,344
2647,317
2648,295
2649,391
2650,396
2651,262
2652,391
2653,243
2654,271
2655,289
2656,240
2657,263
2658,218
2659,310
2660,274
2661,221
2662,383
2663,420
2664,223
2665,354
2666,206
2667,302
2668,332
2669,370
2670,253
2671,293
2672,229
2673,286
2674,284
2675,255
2676,371
2677,373
2678,279
2679,401
2680,268
2681,319
2682,312
2683,345
2684,255
2685,246
2686,546
2687,207
2688,315
2689,369
2690,303
2691,210
2692,268
2693,367
2694,351
2695,230
2696,299
2697,244
2698,296
2699,276
2700,244
2701,387
2702,201
2703,338
2704,422
2705,155
2706,333
2707,316
2708,336
2709,261
2710,536
2711,273
2712,284
2713,241
2714,280
2715,396
2716,248
2717,285
2718,256
2719,319
2720,381
2721,367
2722,286
2723,271
2724,562
2725,287
2726,286
2727,242
2728,201
2729,327
2730,356
2731,288
2732,203
2733,244
2734,336
2735,276
2736,307
2737,310
2738,253
2739,211
2740,383
2741,300
2742,140
2743,290
2744,378
2745,260
2746,517
2747,390
2748,258
2749,327
2750,221
2751,253
2752,339
2753,385
2754,287
2755,343
2756,343
2757,187
2758,373
2759,406
2760,315
2761,433
2762,227
2763,358
2764,420
2765,388
2766,222
2767,352
2768,287
2769,269
2770,266
2771,186
2772,318
2773,264
2774,418
2775,284
2776,301
2777,325
2778,206
2779,257
2780,285
2781,413
2782,273
2783,226
2784,255
2785,348
2786,306
2787,310
2788,322
2789,265
2790,438
2791,501
2792,316
2793,442
2794,239
2795,198
2796,216
2797,281
2798,312
2799,306
2800,393
2801,326
2802,191
2803,370
2804,249
2805,259
2806,325
2807,429
2808,330
2809,336
2810,230
2811,382
2812,258
2813,255
2814,349
2815,154
2816,317
2817,291
2818,321
2819,307
2820,324
2821,381
2822,277
2823,369
2824,322
2825,287
2826,254
2827,367
2828,327
2829,255
2830,251
2831,289
2832,234
2833,351
2834,279
2835,267
2836,316
2837,450
2838,243
2839,332
2840,399
2841,417
2842,300
2843,425
2844,289
2845,327
2846,420
2847,205
2848,272
2849,307
2850,217
2851,311
2852,378
2853,365
2854,462
2855,322
2856,341
2857,427
2858,355
2859,343
2860,422
2861,377
2862,346
2863,338
2864,358
2865,273
2866,162
2867,396
2868,379
2869,269
2870,303
2871,387
2872,381
2873,284
2874,251
2875,309
2876,338
2877,313
2878,340
2879,450
2880,394
2881,338
2882,280
2883,215
2884,359
2885,251
2886,280
2887,370
2888,325
2889,338
2890,243
2891,315
2892,258
2893,309
2894,527
2895,339
2896,385
2897,325
2898,453
2899,458
2900,321
2901,335
2902,273
2903,358
2904,365
2905,304
2906,330
2907,281
2908,263
2909,439
2910,287
2911,292
2912,421
2913,452
2914,382
2915,281
2916,306
2917,206
2918,227
2919,222
2920,393
2921,309
2922,300
2923,231
2924,247
2925,331
2926,286
2927,222
2928,284
2929,308
2930,194
2931,507
2932,425
2933,344
2934,204
2935,293
2936,396
2937,402
2938,299
2939,278
2940,295
2941,278
2942,300
2943,357
2944,405
2945,331
2946,251
2947,303
2948,354
2949,261
2950,492
2951,330
2952,307
2953,308
2954,328
2955,238
2956,250
2957,298
2958,293
2959,208
2960,431
2961,404
2962,435
2963,215
2964,340
2965,268
2966,334
2967,384
2968,329
2969,383
2970,301
2971,263
2972,300
2973,317
2974,242
2975,366
2976,352
2977,188
2978,292
2979,215
2980,335
2981,323
2982,345
2983,276
2984,301
2985,309
2986,355
2987,342
2988,403
2989,270
2990,478
2991,379
2992,172
2993,277
2994,321
2995,336
2996,291
2997,332
2998,409
2999,284
3000,328
3001,279
3002,342
3003,391
3004,299
3005,308
3006,342
3007,418
3008,312
3009,369
3010,289
3011,433
3012,378
3013,287
3014,223
3015,349
3016,243
3017,299
3018,359
3019,323
3020,241
3021,300
3022,211
3023,421
3024,355
3025,262
3026,293
3027,309
3028,268
3029,282
3030,266
3031,203
3032,228
3033,434
3034,486
3035,395
3036,365
3037,241
3038,412
3039,253
3040,327
3041,518
3042,335
3043,253
3044,343
3045,325
3046,358
3047,299
3048,434
3049,242
3050,313
3051,283
3052,298
3053,238
3054,336
3055,342
3056,245
3057,349
3058,284
3059,248
3060,348
3061,353
3062,256
3063,249
3064,358
3065,327
3066,343
3067,332
3068,260
3069,326
3070,458
3071,223
3072,265
3073,245
3074,413
3075,325
3076,323
3077,267
3078,240
3079,305
3080,289
3081,401
3082,316
3083,497
3084,326
3085,241
3086,248
3087,249
3088,399
3089,370
3090,469
3091,282
3092,268
3093,346
3094,448
3095,477
3096,283
3097,238
3098,272
3099,318
3100,309
3101,319
3102,248
3103,363
3104,457
3105,559
3106,273
3107,339
3108,319
3109,340
3110,296
3111,172
3112,381
3113,284
3114,263
3115,312
3116,392
3117,239
3118,415
3119,345
3120,363
3121,349
3122,511
3123,412
3124,400
3125,295
3126,182
3127,311
3128,299
3129,345
3130,302
3131,339
3132,457
3133,236
3134,383
3135,496
3136,282
3137,383
3138,271
3139,283
3140,303
3141,289
3142,416
3143,311
3144,379
3145,340
3146,244
3147,354
3148,247
3149,392
3150,310
3151,296
3152,393
3153,384
3154,253
3155,253
3156,290
3157,301
3158,220
3159,249
3160,211
3161,213
3162,308
3163,435
3164,310
3165,459
3166,366
3167,460
3168,297
3169,288
3170,342
3171,299
3172,381
3173,305
3174,418
3175,284
3176,364
3177,361
3178,338
3179,282
3180,244
3181,341
3182,201
3183,486
3184,386
3185,251
3186,366
3187,343
3188,409
3189,241
3190,392
3191,563
3192,231
3193,342
3194,382
3195,284
3196,401
3197,343
3198,313
3199,336
3200,339
3201,254
3202,394
3203,334
3204,255
3205,462
3206,358
3207,281
3208,372
3209,359
3210,340
3211,387
3212,342
3213,263
3214,417
3215,343
3216,532
3217,424
3218,331
3219,288
3220,277
3221,409
3222,322
3223,226
3224,438
3225,249
3226,179
3227,337
3228,255
3229,417
3230,316
3231,227
3232,306
3233,368
3234,359
3235,360
3236,309
3237,385
3238,238
3239,356
3240,310
3241,258
3242,326
3243,302
3244,368
3245,387
3246,353
3247,330
3248,533
3249,267
3250,186
3251,517
3252,347
3253,344
3254,313
3255,231
3256,304
3257,286
3258,356
3259,311
3260,321
3261,301
3262,227
3263,451
3264,453
3265,285
3266,341
3267,251
3268,341
3269,219
3270,396
3271,288
3272,222
3273,340
3274,385
3275,401
3276,339
3277,379
3278,381
3279,419
3280,298
3281,214
3282,229
3283,380
3284,387
3285,248
3286,327
3287,262
3288,297
3289,332
3290,313
3291,277
3292,407
3293,383
3294,475
3295,246
3296,354
3297,395
3298,262
3299,248
3300,423
3301,283
3302,398
3303,433
3304,150
3305,342
3306,295
3307,333
3308,295
3309,468
3310,303
3311,331
3312,295
3313,337
3314,354
3315,366
3316,376
3317,230
3318,305
3319,387
3320,399
3321,308
3322,348
3323,335
3324,454
3325,286
3326,438
3327,302
3328,371
3329,418
3330,442
3331,320
3332,388
3333,213
3334,276
3335,278
3336,320
3337,360
3338,368
3339,295
3340,448
3341,395
3342,296
3343,306
3344,256
3345,395
3346,273
3347,340
3348,216
3349,317
3350,274
3351,384
3352,400
3353,280
3354,289
3355,242
3356,405
3357,228
3358,456
3359,343
3360,301
3361,442
3362,396
3363,277
3364,255
3365,200
3366,352
3367,194
3368,219
3369,274
3370,319
3371,257
3372,264
3373,331
3374,300
3375,407
3376,459
3377,498
3378,227
3379,352
3380,339
3381,370
3382,243
3383,558
3384,377
3385,292
3386,375
3387,285
3388,445
3389,396
3390,416
3391,207
3392,391
3393,241
3394,351
3395,314
3396,301
3397,266
3398,223
3399,253
3400,316
3401,322
3402,326
3403,354
3404,387
3405,406
3406,279
3407,331
3408,330
3409,384
3410,355
3411,261
3412,335
3413,312
3414,412
3415,314
3416,247
3417,354
3418,268
3419,223
3420,327
3421,320
3422,442
3423,362
3424,252
3425,385
3426,235
3427,446
3428,282
3429,245
3430,471
3431,293
3432,280
3433,393
3434,257
3435,316
3436,276
3437,264
3438,418
3439,248
3440,236
3441,450
3442,350
3443,335
3444,398
3445,231
3446,330
3447,350
3448,245
3449,241
3450,246
3451,324
3452,458
3453,373
3454,456
3455,372
3456,317
3457,361
3458,287
3459,244
3460,253
3461,371
3462,300
3463,361
3464,161
3465,548
3466,334
3467,253
3468,453
3469,316
3470,393
3471,293
3472,251
3473,362
3474,355
3475,227
3476,337
3477,462
3478,340
3479,350
3480,348
3481,501
3482,268
3483,350
3484,271
3485,214
3486,456
3487,322
3488,542
3489,272
3490,383
3491,361
3492,264
3493,406
3494,272
3495,317
3496,291
3497,327
3498,272
3499,337
3500,385
3501,434
3502,334
3503,394
3504,368
3505,304
3506,261
3507,270
3508,377
3509,292
3510,374
3511,213
3512,335
3513,381
3514,328
3515,198
3516,238
3517,422
3518,310
3519,260
3520,339
3521,239
3522,424
3523,325
3524,299
3525,207
3526,346
3527,331
3528,298
3529,278
3530,352
3531,440
3532,314
3533,257
3534,415
3535,415
3536,328
3537,341
3538,387
3539,277
3540,314
3541,268
3542,363
3543,263
3544,269
3545,390
3546,318
3547,260
3548,313
3549,498
3550,375
3551,335
3552,418
3553,484
3554,211
3555,421
3556,371
3557,320
3558,320
3559,392
3560,384
3561,370
3562,268
3563,359
3564,323
3565,266
3566,364
3567,332
3568,270
3569,227
3570,338
3571,322
3572,552
3573,307
3574,478
3575,364
3576,353
3577,270
3578,267
3579,327
3580,374
3581,328
3582,413
3583,237
3584,279
3585,370
3586,265
3587,289
3588,311
3589,318
3590,351
3591,384
3592,461
3593,255
3594,235
3595,264
3596,414
3597,325
3598,268
3599,364
3600,319
3601,361
3602,395
3603,302
3604,384
3605,226
3606,305
3607,352
3608,352
3609,246
3610,363
3611,435
3612,359
3613,337
3614,303
3615,322
3616,283
3617,364
3618,254
3619,291
3620,279
3621,342
3622,343
3623,371
3624,340
3625,326
3626,270
3627,427
3628,256
3629,225
3630,433
3631,323
3632,312
3633,289
3634,396
3635,468
3636,365
3637,228
3638,296
3639,450
3640,268
3641,494
3642,231
3643,450
3644,484
3645,407
3646,276
3647,277
3648,323
3649,288
3650,521
3651,196
3652,220
3653,431
3654,453
3655,284
3656,365
3657,312
3658,429
3659,420
3660,292
3661,396
3662,240
3663,358
3664,363
3665,342
3666,430
3667,360
3668,352
3669,375
3670,236
3671,436
3672,458
3673,374
3674,286
3675,510
3676,320
3677,233
3678,341
3679,559
3680,352
3681,304
3682,330
3683,273
3684,486
3685,349
3686,386
3687,332
3688,473
3689,255
3690,368
3691,319
3692,307
3693,293
3694,442
3695,281
3696,368
3697,549
3698,240
3699,287
3700,328
3701,314
3702,334
3703,338
3704,152
3705,319
3706,353
3707,454
3708,312
3709,437
3710,481
3711,342
3712,341
3713,335
3714,331
3715,453
3716,396
3717,318
3718,426
3719,253
3720,238
3721,196
3722,351
3723,316
3724,348
3725,404
3726,290
3727,372
3728,336
3729,319
3730,361
3731,274
3732,438
3733,399
3734,348
3735,383
3736,157
3737,356
3738,376
3739,328
3740,322
3741,349
3742,314
3743,229
3744,451
3745,332
3746,388
3747,379
3748,307
3749,311
3750,320
3751,297
3752,369
3753,299
3754,325
3755,425
3756,451
3757,336
3758,345
3759,378
3760,597
3761,324
3762,292
3763,326
3764,493
3765,305
3766,204
3767,294
3768,354
3769,291
3770,302
3771,376
3772,272
3773,414
3774,442
3775,295
3776,368
3777,355
3778,165
3779,351
3780,281
3781,411
3782,313
3783,221
3784,328
3785,447
3786,259
3787,347
3788,411
3789,403
3790,332
3791,249
3792,210
3793,448
3794,446
3795,270
3796,343
3797,331
3798,328
3799,298
3800,284
3801,337
3802,406
3803,243
3804,256
3805,342
3806,464
3807,467
3808,339
3809,545
3810,437
3811,273
3812,351
3813,285
3814,430
3815,184
3816,236
3817,346
3818,232
3819,379
3820,366
3821,392
3822,225
3823,353
3824,336
3825,275
3826,279
3827,314
3828,369
3829,294
3830,279
3831,296
3832,258
3833,504
3834,346
3835,318
3836,496
3837,334
3838,318
3839,346
3840,392
3841,342
3842,533
3843,207
3844,498
3845,299
3846,291
3847,270
3848,354
3849,603
3850,396
3851,340
3852,335
3853,480
3854,414
3855,253
3856,442
3857,404
3858,310
3859,317
3860,460
3861,150
3862,266
3863,295
3864,338
3865,406
3866,441
3867,391
3868,265
3869,423
3870,324
3871,228
3872,248
3873,300
3874,275
3875,312
3876,308
3877,193
3878,646
3879,519
3880,256
3881,264
3882,281
3883,315
3884,423
3885,351
3886,320
3887,331
3888,303
3889,288
3890,418
3891,393
3892,290
3893,361
3894,453
3895,285
3896,334
3897,376
3898,360
3899,389
3900,436
3901,390
3902,259
3903,334
3904,422
3905,348
3906,358
3907,433
3908,373
3909,301
3910,239
3911,497
3912,284
3913,459
3914,327
3915,273
3916,530
3917,338
3918,456
3919,325
3920,397
3921,336
3922,349
3923,243
3924,341
3925,285
3926,317
3927,440
3928,206
3929,329
3930,211
3931,233
3932,334
3933,593
3934,474
3935,216
3936,336
3937,308
3938,369
3939,253
3940,304
3941,351
3942,342
3943,487
3944,315
3945,229
3946,183
3947,327
3948,439
3949,363
3950,437
3951,349
3952,554
3953,318
3954,396
3955,540
3956,329
3957,277
3958,311
3959,346
3960,355
3961,287
3962,330
3963,345
3964,267
3965,291
3966,331
3967,349
3968,326
3969,384
3970,245
3971,395
3972,349
3973,296
3974,466
3975,416
3976,254
3977,211
3978,389
3979,376
3980,281
3981,329
3982,360
3983,269
3984,378
3985,252
3986,318
3987,282
3988,396
3989,334
3990,352
3991,220
3992,454
3993,341
3994,229
3995,412
3996,326
3997,345
3998,453
3999,255
4000,274
4001,484
4002,412
4003,406
4004,271
4005,315
4006,181
4007,414
4008,359
4009,327
4010,340
4011,488
4012,402
4013,257
4014,348
4015,384
4016,425
4017,339
4018,328
4019,338
4020,427
4021,364
4022,318
4023,349
4024,393
4025,417
4026,297
4027,489
4028,250
4029,236
4030,344
4031,326
4032,375
4033,293
4034,329
4035,294
4036,405
4037,412
4038,367
4039,447
4040,369
4041,419
4042,232
4043,342
4044,461
4045,241
4046,281
4047,358
4048,302
4049,258
4050,234
4051,282
4052,490
4053,385
4054,465
4055,394
4056,379
4057,262
4058,303
4059,192
4060,305
4061,239
4062,377
4063,265
4064,305
4065,426
4066,448
4067,209
4068,303
4069,396
4070,389
4071,262
4072,409
4073,340
4074,398
4075,157
4076,411
4077,355
4078,265
4079,310
4080,256
4081,301
4082,415
4083,341
4084,339
4085,465
4086,370
4087,460
4088,222
4089,225
4090,356
4091,399
4092,301
4093,293
4094,306
4095,348
4096,403
4097,279
4098,302
4099,344
4100,272
4101,199
4102,445
4103,406
4104,412
4105,477
4106,316
4107,245
4108,359
4109,338
4110,248
4111,280
4112,334
4113,305
4114,335
4115,270
4116,404
4117,319
4118,404
4119,395
4120,359
4121,520
4122,264
4123,344
4124,191
4125,273
4126,279
4127,385
4128,381
4129,246
4130,371
4131,416
4132,575
4133,357
4134,345
4135,470
4136,556
4137,271
4138,286
4139,383
4140,313
4141,315
4142,475
4143,315
4144,394
4145,444
4146,279
4147,425
4148,347
4149,317
4150,273
4151,309
4152,384
4153,325
4154,428
4155,432
4156,426
4157,342
4158,400
4159,284
4160,322
4161,412
4162,362
4163,323
4164,424
4165,340
4166,389
4167,308
4168,311
4169,285
4170,371
4171,330
4172,347
4173,210
4174,361
4175,258
4176,369
4177,313
4178,272
4179,331
4180,376
4181,400
4182,358
4183,375
4184,367
4185,393
4186,289
4187,322
4188,123
4189,399
4190,281
4191,362
4192,446
4193,223
4194,354
4195,304
4196,282
4197,324
4198,306
4199,375
4200,502
4201,338
4202,320
4203,355
4204,324
4205,311
4206,310
4207,266
4208,462
4209,325
4210,340
4211,270
4212,273
4213,494
4214,286
4215,398
4216,247
4217,263
4218,227
4219,313
4220,386
4221,403
4222,480
4223,304
4224,510
4225,364
4226,397
4227,351
4228,281
4229,452
4230,355
4231,425
4232,347
4233,336
4234,390
4235,359
4236,223
4237,351
4238,205
4239,423
4240,321
4241,480
4242,481
4243,183
4244,369
4245,182
4246,352
4247,366
4248,352
4249,434
4250,273
4251,350
4252,338
4253,377
4254,289
4255,317
4256,421
4257,272
4258,281
4259,288
4260,225
4261,337
4262,489
4263,345
4264,480
4265,283
4266,302
4267,364
4268,458
4269,388
4270,452
4271,263
4272,407
4273,246
4274,259
4275,441
4276,341
4277,318
4278,419
4279,340
4280,472
4281,316
4282,485
4283,273
4284,264
4285,409
4286,296
4287,372
4288,552
4289,315
4290,299
4291,424
4292,332
4293,348
4294,366
4295,312
4296,392
4297,356
4298,281
4299,480
4300,209
4301,436
4302,192
4303,238
4304,440
4305,567
4306,446
4307,400
4308,338
4309,302
4310,284
4311,326
4312,432
4313,321
4314,538
4315,398
4316,325
4317,458
4318,437
4319,249
4320,347
4321,441
4322,381
4323,400
4324,347
4325,446
4326,304
4327,415
4328,314
4329,253
4330,336
4331,262
4332,373
4333,283
4334,576
4335,433
4336,387
4337,314
4338,387
4339,319
4340,304
4341,421
4342,252
4343,353
4344,311
4345,327
4346,548
4347,401
4348,248
4349,308
4350,299
4351,233
4352,353
4353,466
4354,275
4355,286
4356,379
4357,436
4358,292
4359,452
4360,214
4361,321
4362,221
4363,298
4364,533
4365,272
4366,373
4367,253
4368,311
4369,401
4370,370
4371,422
4372,260
4373,426
4374,293
4375,424
4376,360
4377,502
4378,443
4379,301
4380,249
4381,536
4382,361
4383,541
4384,318
4385,341
4386,310
4387,387
4388,392
4389,493
4390,329
4391,378
4392,346
4393,283
4394,293
4395,481
4396,382
4397,440
4398,537
4399,271
4400,504
4401,456
4402,396
4403,284
4404,442
4405,341
4406,297
4407,393
4408,447
4409,284
4410,420
4411,429
4412,426
4413,251
4414,314
4415,331
4416,442
4417,408
4418,355
4419,388
4420,305
4421,227
4422,325
4423,522
4424,410
4425,222
4426,343
4427,617
4428,304
4429,361
4430,385
4431,325
4432,307
4433,447
4434,396
4435,330
4436,368
4437,344
4438,315
4439,262
4440,201
4441,376
4442,321
4443,366
4444,405
4445,408
4446,408
4447,283
4448,366
4449,423
4450,523
4451,259
4452,434
4453,388
4454,333
4455,232
4456,314
4457,328
4458,519
4459,297
4460,365
4461,365
4462,401
4463,532
4464,341
4465,395
4466,222
4467,300
4468,304
4469,309
4470,187
4471,432
4472,384
4473,521
4474,486
4475,254
4476,428
4477,385
4478,310
4479,312
4480,482
4481,364
4482,318
4483,425
4484,421
4485,325
4486,306
4487,363
4488,431
4489,393
4490,398
4491,335
4492,274
4493,310
4494,331
4495,557
4496,305
4497,462
4498,344
4499,416
4500,381
4501,436
4502,341
4503,353
4504,276
4505,399
4506,321
4507,173
4508,401
4509,479
4510,412
4511,300
4512,313
4513,416
4514,363
4515,384
4516,438
4517,293
4518,241
4519,295
4520,359
4521,296
4522,456
4523,355
4524,230
4525,347
4526,347
4527,577
4528,218
4529,311
4530,312
4531,222
4532,545
4533,443
4534,537
4535,411
4536,347
4537,343
4538,331
4539,245
4540,369
4541,376
4542,324
4543,400
4544,452
4545,415
4546,346
4547,338
4548,425
4549,343
4550,268
4551,393
4552,380
4553,401
4554,303
4555,584
4556,352
4557,463
4558,563
4559,368
4560,286
4561,400
4562,304
4563,184
4564,433
4565,394
4566,306
4567,375
4568,336
4569,405
4570,388
4571,318
4572,395
4573,377
4574,539
4575,342
4576,325
4577,330
4578,438
4579,278
4580,403
4581,262
4582,397
4583,326
4584,322
4585,271
4586,351
4587,316
4588,328
4589,392
4590,390
4591,439
4592,347
4593,240
4594,356
4595,313
4596,335
4597,400
4598,245
4599,334
4600,323
4601,424
4602,243
4603,387
4604,277
4605,336
4606,386
4607,383
4608,356
4609,244
4610,294
4611,279
4612,431
4613,417
4614,359
4615,253
4616,346
4617,457
4618,494
4619,371
4620,294
4621,505
4622,486
4623,284
4624,450
4625,501
4626,462
4627,354
4628,436
4629,418
4630,331
4631,299
4632,457
4633,407
4634,309
4635,340
4636,315
4637,359
4638,431
4639,341
4640,331
4641,164
4642,290
4643,271
4644,368
4645,331
4646,201
4647,432
4648,321
4649,376
4650,448
4651,512
4652,489
4653,274
4654,258
4655,371
4656,494
4657,384
4658,285
4659,426
4660,408
4661,353
4662,329
4663,412
4664,342
4665,301
4666,335
4667,306
4668,397
4669,460
4670,375
4671,333
4672,326
4673,299
4674,192
4675,280
4676,175
4677,279
4678,500
4679,611
4680,336
4681,474
4682,534
4683,464
4684,386
4685,428
4686,467
4687,414
4688,348
4689,445
4690,353
4691,465
4692,212
4693,343
4694,343
4695,307
4696,365
4697,389
4698,265
4699,317
4700,504
4701,329
4702,388
4703,287
4704,405
4705,341
4706,423
4707,459
4708,340
4709,280
4710,362
4711,332
4712,384
4713,317
4714,364
4715,263
4716,278
4717,329
4718,383
4719,349
4720,303
4721,308
4722,422
4723,291
4724,318
4725,403
4726,251
4727,342
4728,370
4729,381
4730,432
4731,451
4732,348
4733,300
4734,430
4735,402
4736,418
4737,377
4738,308
4739,514
4740,314
4741,299
4742,248
4743,283
4744,242
4745,468
4746,374
4747,355
4748,358
4749,320
4750,507
4751,410
4752,330
4753,362
4754,497
4755,337
4756,325
4757,403
4758,468
4759,293
4760,339
4761,404
4762,340
4763,292
4764,391
4765,324
4766,347
4767,282
4768,193
4769,404
4770,321
4771,368
4772,489
4773,300
4774,470
4775,274
4776,436
4777,274
4778,465
4779,333
4780,435
4781,308
4782,347
4783,309
4784,173
4785,525
4786,460
4787,359
4788,522
4789,495
4790,358
4791,372
4792,402
4793,387
4794,442
4795,352
4796,435
4797,319
4798,439
4799,355
4800,270
4801,165
4802,381
4803,473
4804,597
4805,431
4806,465
4807,446
4808,358
4809,347
4810,419
4811,311
4812,383
4813,271
4814,518
4815,475
4816,413
4817,293
4818,573
4819,295
4820,341
4821,304
4822,333
4823,400
4824,319
4825,372
4826,354
4827,332
4828,350
4829,501
4830,324
4831,347
4832,278
4833,361
4834,371
4835,222
4836,229
4837,286
4838,532
4839,397
4840,444
4841,371
4842,352
4843,349
4844,380
4845,382
4846,336
4847,442
4848,457
4849,403
4850,480
4851,354
4852,579
4853,406
4854,260
4855,322
4856,409
4857,466
4858,415
4859,358
4860,473
4861,251
4862,417
4863,380
4864,436
4865,422
4866,382
4867,449
4868,322
4869,539
4870,314
4871,410
4872,347
4873,255
4874,334
4875,320
4876,370
4877,443
4878,279
4879,487
4880,499
4881,352
4882,380
4883,339
4884,488
4885,397
4886,472
4887,391
4888,513
4889,450
4890,402
4891,379
4892,249
4893,379
4894,430
4895,547
4896,270
4897,459
4898,198
4899,166
4900,325
4901,344
4902,342
4903,474
4904,306
4905,250
4906,410
4907,388
4908,245
4909,351
4910,334
4911,344
4912,315
4913,359
4914,394
4915,345
4916,214
4917,436
4918,234
4919,341
4920,606
4921,212
4922,311
4923,248
4924,319
4925,367
4926,377
4927,522
4928,256
4929,330
4930,418
4931,328
4932,243
4933,425
4934,543
4935,372
4936,351
4937,521
4938,272
4939,273
4940,412
4941,373
4942,381
4943,422
4944,511
4945,268
4946,428
4947,388
4948,296
4949,388
4950,536
4951,379
4952,408
4953,295
4954,267
4955,207
4956,424
4957,363
4958,320
4959,443
4960,332
4961,386
4962,419
4963,442
4964,277
4965,308
4966,242
4967,210
4968,378
4969,303
4970,296
4971,535
4972,471
4973,608
4974,310
4975,305
4976,447
4977,497
4978,321
4979,453
4980,329
4981,400
4982,404
4983,446
4984,370
4985,477
4986,424
4987,420
4988,404
4989,627
4990,394
4991,469
4992,350
4993,652
4994,247
4995,424
4996,413
4997,494
4998,491
4999,526
5000,350
5001,377
5002,359
5003,153
5004,404
5005,419
5006,288
5007,364
5008,460
5009,525
5010,450
5011,477
5012,401
5013,460
5014,520
5015,396
5016,468
5017,295
5018,362
5019,530
5020,408
5021,272
5022,283
5023,350
5024,425
5025,314
5026,291
5027,329
5028,332
5029,328
5030,392
5031,544
5032,329
5033,419
5034,532
5035,380
5036,388
5037,465
5038,310
5039,225
5040,265
5041,461
5042,507
5043,396
5044,248
5045,339
5046,452
5047,282
5048,396
5049,249
5050,564
5051,442
5052,224
5053,365
5054,409
5055,524
5056,356
5057,334
5058,335
5059,334
5060,302
5061,355
5062,236
5063,225
5064,543
5065,274
5066,361
5067,317
5068,423
5069,409
5070,284
5071,370
5072,390
5073,396
5074,474
5075,384
5076,426
5077,309
5078,387
5079,409
5080,335
5081,475
5082,259
5083,384
5084,520
5085,329
5086,345
5087,307
5088,281
5089,380
5090,325
5091,347
5092,386
5093,335
5094,458
5095,416
5096,374
5097,445
5098,368
5099,485
5100,363
5101,311
5102,444
5103,240
5104,340
5105,468
5106,218
5107,324
5108,381
5109,319
5110,354
5111,327
5112,255
5113,444
5114,289
5115,342
5116,290
5117,380
5118,351
5119,223
5120,266
5121,365
5122,385
5123,356
5124,294
5125,356
5126,345
5127,442
5128,266
5129,330
5130,362
5131,532
5132,297
5133,436
5134,465
5135,480
5136,472
5137,285
5138,365
5139,307
5140,340
5141,376
5142,296
5143,294
5144,322
5145,376
5146,280
5147,625
5148,328
5149,334
5150,235
5151,510
5152,459
5153,375
5154,500
5155,492
5156,294
5157,291
5158,450
5159,375
5160,279
5161,285
5162,352
5163,438
5164,249
5165,399
5166,439
5167,309
5168,336
5169,234
5170,272
5171,352
5172,419
5173,375
5174,355
5175,486
5176,291
5177,293
5178,425
5179,428
5180,401
5181,285
5182,378
5183,245
5184,473
5185,284
5186,321
5187,285
5188,339
5189,363
5190,176
5191,340
5192,536
5193,332
5194,370
5195,341
5196,385
5197,375
5198,349
5199,322
5200,279
5201,377
5202,448
5203,231
5204,249
5205,194
5206,322
5207,471
5208,268
5209,457
5210,603
5211,264
5212,389
5213,368
5214,313
5215,255
5216,341
5217,299
5218,387
5219,348
5220,304
5221,287
5222,270
5223,467
5224,226
5225,315
5226,387
5227,413
5228,376
5229,626
5230,344
5231,339
5232,412
5233,265
5234,197
5235,383
5236,461
5237,493
5238,411
5239,325
5240,259
5241,419
5242,356
5243,254
5244,354
5245,405
5246,391
5247,497
5248,321
5249,301
5250,426
5251,364
5252,436
5253,284
5254,327
5255,401
5256,351
5257,461
5258,381
5259,312
5260,411
5261,373
5262,414
5263,361
5264,314
5265,382
5266,301
5267,260
5268,383
5269,515
5270,496
5271,354
5272,300
5273,423
5274,450
5275,451
5276,316
5277,323
5278,514
5279,396
5280,417
5281,400
5282,382
5283,313
5284,364
5285,370
5286,341
5287,325
5288,365
5289,416
5290,310
5291,457
5292,252
5293,337
5294,260
5295,546
5296,474
5297,241
5298,314
5299,348
5300,236
5301,374
5302,439
5303,280
5304,317
5305,536
5306,558
5307,401
5308,414
5309,339
5310,429
5311,331
5312,236
5313,304
5314,298
5315,368
5316,298
5317,237
5318,391
5319,475
5320,297
5321,268
5322,236
5323,425
5324,227
5325,253
5326,408
5327,302
5328,374
5329,388
5330,391
5331,358
5332,290
5333,435
5334,316
5335,459
5336,463
5337,324
5338,244
5339,264
5340,430
5341,516
5342,477
5343,396
5344,299
5345,305
5346,376
5347,272
5348,299
5349,294
5350,311
5351,452
5352,291
5353,310
5354,291
5355,432
5356,377
5357,367
5358,340
5359,400
5360,341
5361,292
5362,409
5363,540
5364,292
5365,318
5366,481
5367,354
5368,384
5369,209
5370,533
5371,335
5372,214
5373,427
5374,347
5375,470
5376,409
5377,500
5378,269
5379,430
5380,394
5381,356
5382,326
5383,330
5384,414
5385,234
5386,442
5387,297
5388,274
5389,523
5390,367
5391,510
5392,441
5393,350
5394,301
5395,339
5396,379
5397,316
5398,323
5399,381
5400,391
5401,339
5402,334
5403,448
5404,409
5405,333
5406,406
5407,474
5408,444
5409,324
5410,392
5411,423
5412,585
5413,458
5414,236
5415,526
5416,329
5417,541
5418,409
5419,499
5420,246
5421,301
5422,463
5423,607
5424,254
5425,502
5426,365
5427,286
5428,236
5429,186
5430,328
5431,266
5432,457
5433,347
5434,280
5435,388
5436,454
5437,345
5438,348
5439,328
5440,421
5441,386
5442,513
5443,477
5444,433
5445,437
5446,287
5447,461
5448,343
5449,361
5450,377
5451,431
5452,286
5453,361
5454,242
5455,315
5456,549
5457,339
5458,381
5459,267
5460,287
5461,628
5462,350
5463,391
5464,422
5465,347
5466,345
5467,397
5468,292
5469,456
5470,349
5471,400
5472,446
5473,363
5474,285
5475,332
5476,333
5477,429
5478,427
5479,456
5480,455
5481,425
5482,372
5483,542
5484,474
5485,488
5486,280
5487,559
5488,421
5489,375
5490,265
5491,360
5492,280
5493,350
5494,539
5495,191
5496,241
5497,399
5498,358
5499,364
5500,259
5501,460
5502,490
5503,373
5504,481
5505,389
5506,284
5507,380
5508,542
5509,395
5510,440
5511,496
5512,415
5513,340
5514,406
5515,243
5516,437
5517,386
5518,287
5519,295
5520,349
5521,460
5522,475
5523,317
5524,565
5525,471
5526,653
5527,337
5528,370
5529,596
5530,371
5531,2197
5532,497
5533,302
5534,428
5535,246
5536,431
5537,407
5538,403
5539,363
5540,405
5541,432
5542,277
5543,363
5544,520
5545,281
5546,400
5547,303
5548,371
5549,440
5550,287
5551,259
5552,456
5553,485
5554,513
5555,431
5556,281
5557,464
5558,367
5559,420
5560,460
5561,414
5562,370
5563,306
5564,292
5565,353
5566,526
5567,405
5568,262
5569,426
5570,485
5571,539
5572,410
5573,244
5574,454
5575,390
5576,215
5577,357
5578,417
5579,281
5580,377
5581,575
5582,281
5583,453
5584,381
5585,506
5586,314
5587,367
5588,277
5589,458
5590,355
5591,364
5592,437
5593,397
5594,313
5595,367
5596,330
5597,321
5598,355
5599,509
5600,309
5601,405
5602,386
5603,330
5604,452
5605,355
5606,410
5607,368
5608,408
5609,224
5610,305
5611,521
5612,298
5613,450
5614,394
5615,407
5616,330
5617,515
5618,311
5619,403
5620,304
5621,357
5622,503
5623,437
5624,368
5625,509
5626,264
5627,518
5628,323
5629,329
5630,477
5631,404
5632,286
5633,355
5634,429
5635,513
5636,285
5637,644
5638,436
5639,673
5640,425
5641,417
5642,350
5643,475
5644,574
5645,342
5646,477
5647,421
5648,430
5649,399
5650,504
5651,493
5652,399
5653,423
5654,220
5655,461
5656,338
5657,490
5658,615
5659,305
5660,549
5661,266
5662,415
5663,405
5664,420
5665,399
5666,525
5667,320
5668,368
5669,286
5670,569
5671,337
5672,117
5673,398
5674,330
5675,326
5676,408
5677,430
5678,335
5679,448
5680,361
5681,405
5682,249
5683,165
5684,496
5685,576
5686,418
5687,444
5688,193
5689,318
5690,444
5691,385
5692,318
5693,473
5694,459
5695,419
5696,468
5697,257
5698,378
5699,400
5700,387
5701,429
5702,353
5703,301
5704,371
5705,389
5706,345
5707,317
5708,514
5709,446
5710,463
5711,732
5712,207
5713,397
5714,354
5715,267
5716,479
5717,358
5718,214
5719,465
5720,387
5721,549
5722,239
5723,462
5724,322
5725,326
5726,354
5727,376
5728,373
5729,428
5730,365
5731,572
5732,532
5733,459
5734,459
5735,383
5736,468
5737,443
5738,460
5739,386
5740,226
5741,288
5742,319
5743,378
5744,463
5745,287
5746,359
5747,256
5748,407
5749,438
5750,374
5751,466
5752,362
5753,274
5754,517
5755,420
5756,411
5757,372
5758,321
5759,381
5760,345
5761,493
5762,365
5763,343
5764,394
5765,299
5766,503
5767,360
5768,528
5769,259
5770,387
5771,543
5772,374
5773,544
5774,505
5775,422
5776,460
5777,665
5778,512
5779,429
5780,280
5781,291
5782,337
5783,471
5784,336
5785,346
5786,384
5787,266
5788,565
5789,264
5790,282
5791,382
5792,238
5793,472
5794,615
5795,355
5796,482
5797,462
5798,556
5799,380
5800,425
5801,381
5802,368
5803,345
5804,471
5805,452
5806,289
5807,430
5808,523
5809,329
5810,382
5811,323
5812,398
5813,393
5814,406
5815,335
5816,636
5817,473
5818,315
5819,318
5820,474
5821,270
5822,378
5823,412
5824,415
5825,543
5826,361
5827,377
5828,511
5829,500
5830,405
5831,322
5832,295
5833,364
5834,342
5835,441
5836,356
5837,246
5838,432
5839,392
5840,346
5841,373
5842,510
5843,457
5844,398
5845,441
5846,376
5847,337
5848,397
5849,398
5850,329
5851,477
5852,429
5853,227
5854,345
5855,408
5856,428
5857,314
5858,335
5859,467
5860,369
5861,375
5862,465
5863,503
5864,500
5865,463
5866,422
5867,293
5868,475
5869,417
5870,268
5871,332
5872,368
5873,483
5874,333
5875,317
5876,475
5877,371
5878,241
5879,341
5880,586
5881,366
5882,369
5883,506
5884,501
5885,504
5886,443
5887,341
5888,416
5889,451
5890,362
5891,364
5892,378
5893,507
5894,346
5895,439
5896,419
5897,339
5898,443
5899,322
5900,388
5901,283
5902,456
5903,484
5904,265
5905,240
5906,339
5907,253
5908,437
5909,435
5910,364
5911,478
5912,240
5913,290
5914,344
5915,325
5916,332
5917,650
5918,334
5919,549
5920,280
5921,525
5922,453
5923,479
5924,400
5925,378
5926,490
5927,443
5928,269
5929,467
5930,503
5931,451
5932,440
5933,389
5934,386
5935,383
5936,446
5937,430
5938,256
5939,350
5940,492
5941,371
5942,454
5943,310
5944,396
5945,349
5946,426
5947,450
5948,295
5949,337
5950,305
5951,403
5952,319
5953,489
5954,333
5955,352
5956,382
5957,311
5958,441
5959,442
5960,360
5961,455
5962,412
5963,266
5964,363
5965,324
5966,416
5967,298
5968,306
5969,436
5970,319
5971,303
5972,379
5973,308
5974,458
5975,256
5976,441
5977,547
5978,343
5979,291
5980,282
5981,359
5982,370
5983,422
5984,307
5985,372
5986,300
5987,345
5988,326
5989,518
5990,600
5991,337
5992,477
5993,411
5994,338
5995,283
5996,379
5997,482
5998,412
5999,432
6000,531
6001,445
6002,274
6003,422
6004,244
6005,331
6006,551
6007,353
6008,395
6009,356
6010,527
6011,328
6012,402
6013,340
6014,508
6015,364
6016,417
6017,227
6018,351
6019,278
6020,480
6021,651
6022,289
6023,308
6024,325
6025,338
6026,285
6027,363
6028,331
6029,302
6030,560
6031,389
6032,399
6033,360
6034,380
6035,362
6036,590
6037,207
6038,410
6039,345
6040,431
6041,434
6042,387
6043,392
6044,385
6045,324
6046,418
6047,409
6048,281
6049,349
6050,483
6051,465
6052,264
6053,395
6054,353
6055,420
6056,426
6057,449
6058,475
6059,279
6060,454
6061,404
6062,351
6063,445
6064,445
6065,366
6066,281
6067,588
6068,318
6069,420
6070,391
6071,326
6072,413
6073,387
6074,473
6075,553
6076,329
6077,498
6078,272
6079,395
6080,451
6081,291
6082,554
6083,350
6084,557
6085,608
6086,417
6087,382
6088,324
6089,232
6090,357
6091,319
6092,469
6093,378
6094,586
6095,250
6096,393
6097,322
6098,476
6099,361
6100,523
6101,274
6102,415
6103,198
6104,417
6105,441
6106,351
6107,286
6108,368
6109,334
6110,310
6111,495
6112,390
6113,329
6114,389
6115,235
6116,320
6117,439
6118,405
6119,330
6120,231
6121,444
6122,425
6123,411
6124,320
6125,467
6126,551
6127,308
6128,669
6129,662
6130,251
6131,401
6132,447
6133,397
6134,367
6135,328
6136,421
6137,241
6138,378
6139,249
6140,447
6141,264
6142,325
6143,345
6144,191
6145,455
6146,399
6147,297
6148,316
6149,237
6150,408
6151,503
6152,348
6153,319
6154,457
6155,275
6156,293
6157,397
6158,422
6159,400
6160,533
6161,338
6162,446
6163,453
6164,318
6165,477
6166,328
6167,269
6168,409
6169,218
6170,356
6171,225
6172,364
6173,355
6174,254
6175,228
6176,409
6177,379
6178,390
6179,409
6180,327
6181,415
6182,394
6183,311
6184,505
6185,321
6186,426
6187,291
6188,387
6189,301
6190,381
6191,288
6192,224
6193,482
6194,292
6195,460
6196,400
6197,329
6198,540
6199,377
6200,344
6201,358
6202,478
6203,505
6204,405
6205,451
6206,418
6207,406
6208,337
6209,439
6210,429
6211,349
6212,570
6213,345
6214,319
6215,188
6216,330
6217,419
6218,528
6219,494
6220,370
6221,391
6222,533
6223,432
6224,434
6225,532
6226,364
6227,269
6228,310
6229,255
6230,367
6231,258
6232,411
6233,564
6234,346
6235,274
6236,263
6237,474
6238,219
6239,495
6240,449
6241,330
6242,498
6243,430
6244,456
6245,426
6246,374
6247,475
6248,470
6249,551
6250,288
6251,505
6252,252
6253,412
6254,370
6255,302
6256,448
6257,214
6258,333
6259,315
6260,435
6261,337
6262,412
6263,254
6264,584
6265,337
6266,522
6267,251
6268,405
6269,623
6270,341
6271,377
6272,343
6273,339
6274,419
6275,490
6276,348
6277,261
6278,512
6279,326
6280,583
6281,482
6282,420
6283,339
6284,361
6285,441
6286,432
6287,495
6288,282
6289,450
6290,350
6291,296
6292,457
6293,357
6294,541
6295,426
6296,355
6297,434
6298,290
6299,357
6300,386
6301,462
6302,321
6303,312
6304,386
6305,342
6306,250
6307,452
6308,283
6309,366
6310,472
6311,503
6312,404
6313,367
6314,359
6315,499
6316,551
6317,375
6318,429
6319,308
6320,486
6321,449
6322,521
6323,554
6324,464
6325,317
6326,444
6327,433
6328,418
6329,549
6330,361
6331,450
6332,421
6333,289
6334,420
6335,426
6336,459
6337,331
6338,299
6339,564
6340,412
6341,382
6342,437
6343,412
6344,342
6345,594
6346,630
6347,528
6348,389
6349,277
6350,302
6351,227
6352,359
6353,340
6354,319
6355,587
6356,388
6357,311
6358,344
6359,368
6360,384
6361,451
6362,490
6363,591
6364,334
6365,384
6366,386
6367,563
6368,275
6369,277
6370,423
6371,405
6372,455
6373,422
6374,567
6375,506
6376,459
6377,462
6378,248
6379,427
6380,514
6381,528
6382,247
6383,226
6384,384
6385,495
6386,541
6387,382
6388,304
6389,491
6390,217
6391,215
6392,453
6393,290
6394,471
6395,396
6396,424
6397,368
6398,400
6399,349
6400,352
6401,466
6402,358
6403,456
6404,336
6405,374
6406,412
6407,344
6408,489
6409,364
6410,298
6411,475
6412,312
6413,511
6414,419
6415,403
6416,277
6417,349
6418,373
6419,360
6420,242
6421,597
6422,372
6423,439
6424,582
6425,360
6426,378
6427,375
6428,343
6429,502
6430,500
6431,425
6432,460
6433,397
6434,408
6435,299
6436,479
6437,239
6438,444
6439,272
6440,308
6441,349
6442,311
6443,374
6444,375
6445,353
6446,552
6447,443
6448,407
6449,281
6450,432
6451,322
6452,251
6453,356
6454,418
6455,331
6456,364
6457,464
6458,306
6459,307
6460,354
6461,422
6462,530
6463,420
6464,588
6465,316
6466,424
6467,369
6468,417
6469,339
6470,471
6471,436
6472,331
6473,540
6474,373
6475,339
6476,577
6477,688
6478,483
6479,473
6480,281
6481,483
6482,497
6483,369
6484,278
6485,265
6486,329
6487,486
6488,476
6489,414
6490,386
6491,333
6492,339
6493,410
6494,380
6495,318
6496,541
6497,325
6498,362
6499,440
6500,546
6501,357
6502,387
6503,445
6504,460
6505,603
6506,380
6507,341
6508,379
6509,314
6510,455
6511,371
6512,367
6513,550
6514,441
6515,337
6516,419
6517,452
6518,528
6519,431
6520,405
6521,459
6522,416
6523,462
6524,588
6525,389
6526,204
6527,258
6528,285
6529,325
6530,246
6531,443
6532,634
6533,459
6534,286
6535,413
6536,394
6537,338
6538,511
6539,652
6540,328
6541,342
6542,554
6543,491
6544,491
6545,356
6546,457
6547,432
6548,358
6549,579
6550,416
6551,400
6552,579
6553,416
6554,380
6555,541
6556,217
6557,407
6558,399
6559,252
6560,396
6561,399
6562,641
6563,547
6564,276
6565,277
6566,274
6567,400
6568,408
6569,282
6570,370
6571,391
6572,358
6573,608
6574,496
6575,417
6576,361
6577,506
6578,484
6579,471
6580,409
6581,255
6582,358
6583,402
6584,395
6585,371
6586,493
6587,309
6588,334
6589,280
6590,399
6591,262
6592,490
6593,409
6594,383
6595,204
6596,366
6597,377
6598,448
6599,458
6600,430
6601,393
6602,361
6603,510
6604,407
6605,386
6606,349
6607,450
6608,330
6609,336
6610,475
6611,520
6612,349
6613,336
6614,497
6615,488
6616,291
6617,325
6618,436
6619,406
6620,362
6621,341
6622,398
