1,572
2,115
3,132
4,61
5,52
6,91
7,81
8,133
9,81
10,74
11,65
12,84
13,83
14,89
15,85
16,57
17,78
18,79
19,120
20,106
21,89
22,73
23,71
24,76
25,57
26,90
27,94
28,88
29,101
30,128
31,95
32,112
33,73
34,131
35,78
36,81
37,104
38,102
39,96
40,86
41,102
42,140
43,128
44,116
45,113
46,163
47,78
48,95
49,71
50,78
51,90
52,59
53,115
54,128
55,120
56,111
57,132
58,111
59,183
60,95
61,63
62,97
63,83
64,178
65,110
66,124
67,173
68,113
69,210
70,95
71,110
72,95
73,97
74,102
75,108
76,73
77,106
78,144
79,118
80,107
81,102
82,83
83,181
84,116
85,104
86,138
87,119
88,92
89,128
90,112
91,108
92,125
93,97
94,117
95,92
96,90
97,88
98,137
99,118
100,116
101,106
102,95
103,123
104,133
105,153
106,121
107,99
108,188
109,183
110,112
111,96
112,111
113,126
114,145
115,110
116,131
117,73
118,142
119,111
120,158
121,145
122,93
123,119
124,103
125,183
126,129
127,139
128,121
129,168
130,122
131,189
132,202
133,162
134,108
135,167
136,101
137,142
138,147
139,143
140,158
141,155
142,209
143,125
144,160
145,174
146,165
147,198
148,162
149,101
150,123
151,131
152,92
153,157
154,149
155,157
156,110
157,135
158,153
159,116
160,1317
161,211
162,155
163,109
164,122
165,129
166,121
167,167
168,119
169,224
170,117
171,126
172,154
173,139
174,137
175,175
176,125
177,159
178,162
179,149
180,127
181,134
182,150
183,154
184,156
185,165
186,177
187,128
188,176
189,115
190,160
191,187
192,147
193,178
194,171
195,137
196,152
197,153
198,117
199,144
200,108
201,134
202,137
203,154
204,167
205,121
206,116
207,220
208,162
209,136
210,133
211,171
212,176
213,177
214,179
215,154
216,91
217,168
218,171
219,170
220,205
221,144
222,137
223,173
224,146
225,194
226,152
227,131
228,166
229,127
230,143
231,157
232,160
233,128
234,155
235,213
236,169
237,152
238,131
239,111
240,156
241,202
242,240
243,136
244,217
245,212
246,166
247,144
248,164
249,227
250,139
251,190
252,160
253,124
254,150
255,151
256,145
257,184
258,96
259,140
260,158
261,203
262,150
263,251
264,207
265,153
266,181
267,162
268,278
269,117
270,189
271,169
272,142
273,114
274,169
275,169
276,185
277,150
278,203
279,173
280,157
281,165
282,114
283,164
284,139
285,187
286,221
287,189
288,138
289,136
290,154
291,178
292,156
293,164
294,160
295,120
296,237
297,167
298,211
299,115
300,186
301,190
302,175
303,215
304,249
305,211
306,166
307,148
308,168
309,186
310,128
311,201
312,256
313,202
314,242
315,243
316,156
317,222
318,219
319,120
320,192
321,173
322,102
323,132
324,127
325,175
326,240
327,176
328,121
329,99
330,159
331,172
332,191
333,163
334,153
335,208
336,132
337,166
338,128
339,201
340,170
341,139
342,155
343,138
344,268
345,261
346,123
347,146
348,188
349,191
350,139
351,262
352,171
353,181
354,144
355,219
356,248
357,151
358,179
359,197
360,120
361,246
362,233
363,183
364,150
365,286
366,172
367,269
368,178
369,206
370,180
371,217
372,153
373,169
374,139
375,188
376,151
377,166
378,237
379,222
380,187
381,135
382,176
383,182
384,144
385,136
386,215
387,212
388,138
389,223
390,180
391,231
392,198
393,238
394,177
395,160
396,186
397,169
398,147
399,173
400,212
401,141
402,148
403,212
404,204
405,188
406,172
407,172
408,270
409,173
410,219
411,291
412,170
413,170
414,277
415,188
416,172
417,204
418,154
419,196
420,156
421,149
422,167
423,233
424,174
425,199
426,200
427,143
428,202
429,121
430,242
431,229
432,162
433,181
434,153
435,195
436,198
437,141
438,165
439,233
440,105
441,162
442,181
443,156
444,170
445,162
446,174
447,177
448,116
449,183
450,170
451,151
452,195
453,187
454,114
455,173
456,167
457,107
458,194
459,139
460,245
461,152
462,237
463,151
464,177
465,249
466,353
467,191
468,165
469,185
470,148
471,136
472,230
473,160
474,163
475,217
476,163
477,167
478,168
479,201
480,184
481,153
482,185
483,250
484,171
485,171
486,255
487,210
488,224
489,143
490,136
491,227
492,185
493,187
494,243
495,268
496,185
497,198
498,173
499,185
500,137
501,194
502,301
503,245
504,212
505,187
506,192
507,159
508,218
509,151
510,194
511,286
512,112
513,242
514,149
515,145
516,201
517,224
518,247
519,164
520,208
521,215
522,215
523,186
524,292
525,145
526,187
527,197
528,240
529,190
530,181
531,230
532,221
533,224
534,103
535,169
536,250
537,163
538,199
539,176
540,230
541,177
542,149
543,311
544,324
545,332
546,186
547,171
548,189
549,213
550,176
551,219
552,131
553,186
554,170
555,262
556,186
557,267
558,258
559,272
560,166
561,243
562,191
563,216
564,284
565,195
566,262
567,154
568,228
569,154
570,207
571,286
572,180
573,226
574,278
575,258
576,313
577,267
578,181
579,153
580,191
581,235
582,191
583,234
584,252
585,347
586,307
587,241
588,279
589,171
590,220
591,291
592,212
593,219
594,175
595,178
596,142
597,242
598,200
599,176
600,158
601,174
602,239
603,143
604,187
605,213
606,181
607,250
608,190
609,240
610,132
611,169
612,160
613,216
614,391
615,219
616,214
617,224
618,237
619,173
620,136
621,136
622,231
623,191
624,177
625,376
626,244
627,291
628,193
629,199
630,149
631,231
632,270
633,189
634,152
635,207
636,240
637,327
638,199
639,196
640,259
641,150
642,151
643,233
644,156
645,253
646,219
647,222
648,205
649,238
650,231
651,240
652,200
653,219
654,224
655,231
656,176
657,205
658,199
659,160
660,279
661,321
662,194
663,221
664,226
665,253
666,188
667,290
668,138
669,225
670,204
671,188
672,189
673,126
674,231
675,256
676,251
677,257
678,265
679,281
680,186
681,149
682,190
683,219
684,150
685,113
686,159
687,295
688,240
689,331
690,183
691,217
692,210
693,195
694,265
695,188
696,188
697,135
698,232
699,217
700,195
701,178
702,252
703,252
704,141
705,167
706,144
707,270
708,194
709,212
710,207
711,205
712,209
713,261
714,221
715,190
716,193
717,301
718,192
719,243
720,289
721,138
722,254
723,272
724,178
725,182
726,148
727,306
728,245
729,287
730,211
731,206
732,221
733,151
734,290
735,146
736,230
737,166
738,243
739,265
740,245
741,175
742,311
743,212
744,200
745,192
746,263
747,222
748,183
749,284
750,225
751,238
752,293
753,243
754,168
755,267
756,197
757,278
758,155
759,172
760,179
761,176
762,217
763,133
764,241
765,269
766,321
767,189
768,184
769,227
770,332
771,196
772,194
773,131
774,223
775,240
776,276
777,218
778,236
779,208
780,254
781,204
782,309
783,310
784,240
785,201
786,146
787,213
788,306
789,206
790,241
791,345
792,243
793,138
794,227
795,207
796,223
797,129
798,361
799,253
800,250
801,179
802,195
803,259
804,163
805,224
806,188
807,225
808,316
809,185
810,363
811,287
812,220
813,144
814,201
815,226
816,336
817,199
818,256
819,149
820,269
821,280
822,183
823,235
824,227
825,174
826,292
827,280
828,218
829,255
830,315
831,235
832,194
833,205
834,234
835,237
836,185
837,292
838,209
839,290
840,202
841,292
842,207
843,142
844,196
845,304
846,246
847,254
848,179
849,103
850,203
851,250
852,240
853,261
854,305
855,122
856,175
857,234
858,174
859,343
860,288
861,277
862,227
863,199
864,250
865,205
866,158
867,195
868,217
869,157
870,208
871,404
872,175
873,296
874,316
875,289
876,347
877,198
878,183
879,258
880,308
881,197
882,219
883,376
884,211
885,212
886,199
887,344
888,229
889,231
890,274
891,263
892,211
893,371
894,260
895,329
896,169
897,229
898,244
899,150
900,192
901,361
902,245
903,275
904,276
905,231
906,226
907,278
908,233
909,218
910,259
911,236
912,299
913,271
914,224
915,217
916,123
917,196
918,204
919,273
920,272
921,292
922,177
923,173
924,241
925,198
926,206
927,272
928,157
929,349
930,337
931,248
932,253
933,275
934,206
935,201
936,254
937,271
938,187
939,205
940,234
941,242
942,275
943,294
944,221
945,282
946,248
947,322
948,157
949,217
950,153
951,257
952,258
953,167
954,181
955,170
956,233
957,314
958,205
959,300
960,200
961,346
962,205
963,269
964,285
965,251
966,267
967,289
968,361
969,182
970,245
971,217
972,232
973,240
974,271
975,331
976,139
977,198
978,334
979,222
980,262
981,221
982,127
983,232
984,143
985,247
986,212
987,299
988,211
989,287
990,313
991,205
992,240
993,241
994,285
995,256
996,154
997,258
998,311
999,302
1000,407
1001,269
1002,130
1003,193
1004,182
1005,168
1006,317
1007,194
1008,305
1009,235
1010,199
1011,260
1012,255
1013,158
1014,260
1015,181
1016,168
1017,192
1018,250
1019,369
1020,135
1021,269
1022,359
1023,215
1024,316
1025,359
1026,204
1027,217
1028,208
1029,152
1030,315
1031,198
1032,210
1033,329
1034,348
1035,220
1036,287
1037,284
1038,248
1039,239
1040,291
1041,288
1042,360
1043,235
1044,250
1045,286
1046,297
1047,275
1048,258
1049,309
1050,306
1051,244
1052,228
1053,225
1054,339
1055,200
1056,412
1057,300
1058,374
1059,149
1060,180
1061,257
1062,405
1063,268
1064,267
1065,254
1066,277
1067,274
1068,350
1069,271
1070,260
1071,184
1072,353
1073,188
1074,274
1075,283
1076,260
1077,310
1078,314
1079,316
1080,206
1081,273
1082,234
1083,334
1084,126
1085,248
1086,138
1087,223
1088,232
1089,243
1090,204
1091,265
1092,296
1093,256
1094,223
1095,197
1096,231
1097,282
1098,200
1099,304
1100,288
1101,227
1102,212
1103,342
1104,165
1105,287
1106,248
1107,229
1108,239
1109,370
1110,283
1111,278
1112,267
1113,266
1114,216
1115,300
1116,215
1117,358
1118,180
1119,234
1120,320
1121,249
1122,310
1123,171
1124,280
1125,179
1126,219
1127,240
1128,188
1129,389
1130,300
1131,263
1132,288
1133,334
1134,273
1135,321
1136,275
1137,235
1138,271
1139,278
1140,290
1141,128
1142,350
1143,280
1144,208
1145,243
1146,184
1147,271
1148,271
1149,214
1150,235
1151,218
1152,266
1153,236
1154,238
1155,288
1156,225
1157,200
1158,375
1159,313
1160,189
1161,321
1162,294
1163,344
1164,257
1165,219
1166,334
1167,265
1168,126
1169,325
1170,194
1171,247
1172,143
1173,254
1174,210
1175,226
1176,351
1177,234
1178,311
1179,356
1180,244
1181,273
1182,140
1183,346
1184,283
1185,88
1186,265
1187,219
1188,250
1189,205
1190,265
1191,273
1192,314
1193,191
1194,252
1195,290
1196,337
1197,228
1198,166
1199,264
1200,228
1201,319
1202,247
1203,272
1204,226
1205,203
1206,350
1207,217
1208,214
1209,255
1210,312
1211,351
1212,281
1213,192
1214,381
1215,233
1216,234
1217,255
1218,207
1219,340
1220,219
1221,146
1222,288
1223,342
1224,371
1225,450
1226,262
1227,244
1228,236
1229,229
1230,378
1231,337
1232,268
1233,231
1234,255
1235,208
1236,210
1237,269
1238,306
1239,197
1240,278
1241,346
1242,330
1243,233
1244,267
1245,186
1246,396
1247,217
1248,245
1249,202
1250,245
1251,231
1252,182
1253,371
1254,236
1255,178
1256,198
1257,327
1258,286
1259,248
1260,426
1261,270
1262,348
1263,294
1264,231
1265,298
1266,327
1267,218
1268,368
1269,341
1270,284
1271,239
1272,237
1273,332
1274,363
1275,266
1276,242
1277,235
1278,219
1279,240
1280,208
1281,426
1282,392
1283,219
1284,176
1285,257
1286,224
1287,198
1288,439
1289,196
1290,269
1291,207
1292,232
1293,266
1294,184
1295,238
1296,313
1297,401
1298,387
1299,218
1300,420
1301,206
1302,206
1303,197
1304,188
1305,202
1306,162
1307,248
1308,187
1309,219
1310,350
1311,290
1312,310
1313,210
1314,204
1315,229
1316,275
1317,212
1318,243
1319,208
1320,305
1321,207
1322,303
1323,158
1324,382
1325,282
1326,447
1327,333
1328,369
1329,394
1330,162
1331,176
1332,279
1333,458
1334,372
1335,228
1336,269
1337,265
1338,267
1339,331
1340,331
1341,289
1342,197
1343,320
1344,252
1345,230
1346,294
1347,248
1348,390
1349,216
1350,274
1351,229
1352,261
1353,276
1354,278
1355,270
1356,236
1357,326
1358,270
1359,209
1360,252
1361,223
1362,411
1363,412
1364,221
1365,265
1366,292
1367,263
1368,232
1369,238
1370,246
1371,248
1372,316
1373,352
1374,224
1375,244
1376,369
1377,263
1378,318
1379,265
1380,314
1381,273
1382,214
1383,335
1384,237
1385,250
1386,492
1387,338
1388,318
1389,269
1390,265
1391,385
1392,271
1393,301
1394,170
1395,220
1396,230
1397,274
1398,237
1399,193
1400,189
1401,237
1402,270
1403,225
1404,312
1405,307
1406,251
1407,207
1408,263
1409,177
1410,226
1411,249
1412,181
1413,311
1414,200
1415,189
1416,299
1417,245
1418,312
1419,294
1420,388
1421,450
1422,232
1423,189
1424,336
1425,225
1426,256
1427,256
1428,297
1429,271
1430,274
1431,157
1432,270
1433,236
1434,158
1435,240
1436,325
1437,317
1438,252
1439,285
1440,217
1441,201
1442,348
1443,250
1444,300
1445,467
1446,248
1447,206
1448,319
1449,188
1450,280
1451,312
1452,203
1453,326
1454,189
1455,289
1456,211
1457,304
1458,300
1459,226
1460,446
1461,225
1462,325
1463,297
1464,252
1465,226
1466,309
1467,355
1468,358
1469,218
1470,330
1471,376
1472,365
1473,190
1474,253
1475,199
1476,304
1477,209
1478,321
1479,285
1480,327
1481,237
1482,223
1483,255
1484,296
1485,240
1486,259
1487,240
1488,200
1489,287
1490,177
1491,166
1492,210
1493,222
1494,210
1495,205
1496,316
1497,283
1498,359
1499,368
1500,312
1501,179
1502,276
1503,138
1504,250
1505,236
1506,367
1507,244
1508,378
1509,445
1510,375
1511,332
1512,397
1513,332
1514,232
1515,427
1516,309
1517,310
1518,292
1519,246
1520,255
1521,229
1522,350
1523,336
1524,372
1525,251
1526,151
1527,381
1528,386
1529,352
1530,429
1531,233
1532,288
1533,533
1534,269
1535,316
1536,389
1537,193
1538,327
1539,238
1540,240
1541,258
1542,427
1543,185
1544,244
1545,303
1546,215
1547,231
1548,299
1549,278
1550,225
1551,327
1552,480
1553,299
1554,149
1555,307
1556,299
1557,336
1558,242
1559,333
1560,336
1561,230
1562,295
1563,265
1564,209
1565,518
1566,440
1567,257
1568,253
1569,198
1570,175
1571,184
1572,211
1573,296
1574,252
1575,254
1576,265
1577,382
1578,346
1579,188
1580,429
1581,315
1582,270
1583,383
1584,220
1585,362
1586,286
1587,304
1588,211
1589,534
1590,257
1591,228
1592,345
1593,319
1594,214
1595,264
1596,260
1597,225
1598,255
1599,338
1600,237
1601,357
1602,273
1603,320
1604,204
1605,326
1606,264
1607,365
1608,352
1609,230
1610,234
1611,217
1612,243
1613,289
1614,307
1615,273
1616,335
1617,348
1618,270
1619,277
1620,308
1621,308
1622,270
1623,180
1624,309
1625,390
1626,268
1627,229
1628,263
1629,257
1630,238
1631,212
1632,303
1633,268
1634,182
1635,342
1636,325
1637,317
1638,166
1639,176
1640,241
1641,237
1642,299
1643,337
1644,237
1645,261
1646,447
1647,234
1648,222
1649,248
1650,280
1651,308
1652,370
1653,215
1654,207
1655,298
1656,274
1657,254
1658,188
1659,276
1660,308
1661,171
1662,406
1663,213
1664,270
1665,223
1666,169
1667,412
1668,403
1669,269
1670,213
1671,309
1672,375
1673,178
1674,365
1675,340
1676,181
1677,165
1678,146
1679,241
1680,200
1681,332
1682,334
1683,290
1684,363
1685,282
1686,179
1687,276
1688,176
1689,340
1690,430
1691,216
1692,255
1693,176
1694,276
1695,296
1696,276
1697,399
1698,344
1699,285
1700,303
1701,396
1702,302
1703,191
1704,290
1705,385
1706,244
1707,277
1708,231
1709,336
1710,269
1711,277
1712,177
1713,253
1714,166
1715,285
1716,466
1717,128
1718,221
1719,347
1720,226
1721,320
1722,265
1723,194
1724,371
1725,380
1726,344
1727,434
1728,202
1729,200
1730,283
1731,349
1732,470
1733,348
1734,347
1735,185
1736,320
1737,466
1738,192
1739,238
1740,421
1741,388
1742,253
1743,298
1744,214
1745,279
1746,432
1747,352
1748,333
1749,345
1750,270
1751,255
1752,431
1753,341
1754,194
1755,264
1756,313
1757,375
1758,298
1759,375
1760,246
1761,293
1762,211
1763,207
1764,190
1765,306
1766,414
1767,268
1768,217
1769,151
1770,447
1771,318
1772,453
1773,384
1774,241
1775,366
1776,233
1777,197
1778,356
1779,201
1780,433
1781,297
1782,229
1783,461
1784,189
1785,387
1786,279
1787,407
1788,364
1789,243
1790,214
1791,249
1792,255
1793,218
1794,350
1795,366
1796,296
1797,347
1798,373
1799,402
1800,257
1801,278
1802,235
1803,418
1804,328
1805,354
1806,412
1807,240
1808,203
1809,199
1810,324
1811,264
1812,240
1813,219
1814,271
1815,262
1816,244
1817,311
1818,433
1819,322
1820,234
1821,228
1822,438
1823,499
1824,373
1825,210
1826,313
1827,343
1828,304
1829,448
1830,231
1831,210
1832,227
1833,312
1834,227
1835,340
1836,333
1837,423
1838,235
1839,252
1840,254
1841,286
1842,243
1843,287
1844,287
1845,273
1846,395
1847,315
1848,248
1849,324
1850,315
1851,325
1852,171
1853,229
1854,255
1855,223
1856,364
1857,342
1858,235
1859,155
1860,244
1861,276
1862,209
1863,482
1864,328
1865,272
1866,227
1867,375
1868,203
1869,167
1870,435
1871,332
1872,314
1873,363
1874,231
1875,278
1876,225
1877,418
1878,479
1879,390
1880,412
1881,256
1882,344
1883,349
1884,309
1885,328
1886,254
1887,257
1888,380
1889,249
1890,228
1891,378
1892,340
1893,267
1894,280
1895,241
1896,444
1897,362
1898,327
1899,332
1900,367
1901,359
1902,215
1903,307
1904,270
1905,246
1906,263
1907,467
1908,204
1909,277
1910,393
1911,198
1912,344
1913,284
1914,216
1915,376
1916,241
1917,254
1918,269
1919,254
1920,227
1921,212
1922,313
1923,344
1924,255
1925,217
1926,342
1927,322
1928,412
1929,230
1930,540
1931,278
1932,445
1933,251
1934,258
1935,305
1936,414
1937,308
1938,230
1939,220
1940,317
1941,318
1942,212
1943,436
1944,268
1945,269
1946,297
1947,335
1948,335
1949,320
1950,252
1951,337
1952,341
1953,288
1954,401
1955,358
1956,186
1957,352
1958,452
1959,269
1960,374
1961,260
1962,308
1963,410
1964,270
1965,328
1966,315
1967,363
1968,368
1969,255
1970,299
1971,245
1972,458
1973,342
1974,257
1975,177
1976,278
1977,278
1978,228
1979,251
1980,286
1981,323
1982,421
1983,306
1984,323
1985,286
1986,271
1987,301
1988,261
1989,326
1990,253
1991,283
1992,318
1993,278
1994,281
1995,279
1996,340
1997,424
1998,490
1999,345
2000,340
2001,320
2002,417
2003,193
2004,494
2005,271
2006,292
2007,407
2008,453
2009,183
2010,215
2011,291
2012,314
2013,370
2014,290
2015,222
2016,170
2017,287
2018,337
2019,416
2020,203
2021,492
2022,295
2023,298
2024,237
2025,224
2026,281
2027,251
2028,323
2029,290
2030,210
2031,362
2032,288
2033,313
2034,292
2035,377
2036,430
2037,377
2038,366
2039,305
2040,293
2041,211
2042,195
2043,313
2044,480
2045,352
2046,297
2047,399
2048,459
2049,382
2050,300
2051,267
2052,452
2053,331
2054,214
2055,486
2056,305
2057,433
2058,264
2059,290
2060,261
2061,259
2062,406
2063,265
2064,412
2065,382
2066,361
2067,385
2068,254
2069,318
2070,426
2071,341
2072,285
2073,409
2074,369
2075,338
2076,227
2077,182
2078,446
2079,376
2080,306
2081,348
2082,387
2083,356
2084,292
2085,367
2086,288
2087,210
2088,368
2089,346
2090,371
2091,224
2092,235
2093,364
2094,205
2095,324
2096,324
2097,313
2098,284
2099,563
2100,402
2101,296
2102,416
2103,260
2104,293
2105,217
2106,215
2107,334
2108,344
2109,314
2110,339
2111,300
2112,396
2113,250
2114,308
2115,288
2116,229
2117,303
2118,218
2119,393
2120,445
2121,427
2122,399
2123,299
2124,325
2125,329
2126,289
2127,208
2128,305
2129,294
2130,230
2131,354
2132,418
2133,257
2134,422
2135,315
2136,179
2137,194
2138,186
2139,288
2140,429
2141,291
2142,284
2143,284
2144,312
2145,390
2146,262
2147,235
2148,434
2149,273
2150,274
2151,285
2152,400
2153,284
2154,402
2155,309
2156,339
2157,362
2158,288
2159,220
2160,332
2161,402
2162,301
2163,264
2164,272
2165,314
2166,292
2167,330
2168,360
2169,467
2170,283
2171,288
2172,475
2173,323
2174,315
2175,234
2176,273
2177,312
2178,300
2179,299
2180,301
2181,229
2182,273
2183,306
2184,368
2185,265
2186,258
2187,327
2188,329
2189,262
2190,402
2191,210
2192,240
2193,215
2194,388
2195,336
2196,443
2197,287
2198,278
2199,330
2200,368
2201,254
2202,353
2203,334
2204,361
2205,439
2206,237
2207,249
2208,391
2209,251
2210,301
2211,273
2212,240
2213,332
2214,320
2215,190
2216,146
2217,395
2218,184
2219,365
2220,177
2221,233
2222,195
2223,477
2224,199
2225,302
2226,389
2227,156
2228,243
2229,408
2230,254
2231,208
2232,341
2233,281
2234,497
2235,294
2236,201
2237,311
2238,442
2239,312
2240,370
2241,317
2242,327
2243,433
2244,128
2245,382
2246,434
2247,414
2248,301
2249,314
2250,441
2251,258
2252,362
2253,405
2254,413
2255,327
2256,447
2257,223
2258,299
2259,376
2260,384
2261,400
2262,321
2263,271
2264,362
2265,386
2266,299
2267,396
2268,511
2269,323
2270,329
2271,214
2272,386
2273,496
2274,444
2275,372
2276,329
2277,184
2278,349
2279,242
2280,316
2281,262
2282,224
2283,357
2284,195
2285,305
2286,302
2287,302
2288,267
2289,351
2290,389
2291,261
2292,285
2293,286
2294,317
2295,410
2296,372
2297,323
2298,288
2299,315
2300,411
2301,312
2302,217
2303,267
2304,503
2305,212
2306,484
2307,252
2308,318
2309,232
2310,329
2311,351
2312,365
2313,409
2314,410
2315,278
2316,178
2317,335
2318,465
2319,181
2320,294
2321,330
2322,260
2323,428
2324,249
2325,422
2326,434
2327,360
2328,293
2329,416
2330,325
2331,195
2332,255
2333,261
2334,478
2335,276
2336,426
2337,404
2338,359
2339,343
2340,332
2341,437
2342,383
2343,269
2344,340
2345,482
2346,296
2347,179
2348,310
2349,365
2350,434
2351,334
2352,237
2353,390
2354,399
2355,411
2356,443
2357,289
2358,393
2359,292
2360,346
2361,222
2362,226
2363,457
2364,294
2365,331
2366,292
2367,509
2368,503
2369,486
2370,279
2371,314
2372,230
2373,338
2374,275
2375,291
2376,290
2377,281
2378,457
2379,366
2380,262
2381,428
2382,349
2383,429
2384,325
2385,392
2386,306
2387,222
2388,372
2389,298
2390,91
2391,472
2392,402
2393,314
2394,454
2395,364
2396,210
2397,343
2398,499
2399,333
2400,243
2401,449
2402,351
2403,407
2404,174
2405,264
2406,307
2407,490
2408,371
2409,337
2410,294
2411,372
2412,282
2413,262
2414,220
2415,434
2416,369
2417,286
2418,221
2419,386
2420,203
2421,488
2422,285
2423,271
2424,461
2425,237
2426,283
2427,172
2428,348
2429,275
2430,467
2431,589
2432,306
2433,259
2434,305
2435,290
2436,247
2437,214
2438,350
2439,340
2440,198
2441,360
2442,346
2443,264
2444,287
2445,348
2446,351
2447,202
2448,242
2449,312
2450,321
2451,283
2452,382
2453,460
2454,378
2455,250
2456,418
2457,369
2458,326
2459,155
2460,360
2461,178
2462,413
2463,343
2464,426
2465,291
2466,258
2467,382
2468,279
2469,350
2470,442
2471,244
2472,342
2473,309
2474,366
2475,478
2476,247
2477,158
2478,184
2479,364
2480,550
2481,474
2482,431
2483,564
2484,376
2485,324
2486,286
2487,299
2488,406
2489,268
2490,418
2491,289
2492,270
2493,453
2494,288
2495,408
2496,252
2497,498
2498,489
2499,358
2500,322
2501,330
2502,669
2503,292
2504,288
2505,294
2506,496
2507,435
2508,356
2509,324
2510,276
2511,368
2512,181
2513,329
2514,463
2515,357
2516,325
2517,275
2518,394
2519,421
2520,304
2521,372
2522,438
2523,283
2524,298
2525,262
2526,267
2527,304
2528,431
2529,376
2530,284
2531,256
2532,459
2533,407
2534,476
2535,234
2536,421
2537,416
2538,414
2539,265
2540,371
2541,395
2542,317
2543,261
2544,318
2545,397
2546,502
2547,239
2548,272
2549,540
2550,358
2551,537
2552,390
2553,271
2554,379
2555,410
2556,376
2557,320
2558,253
2559,397
2560,211
2561,262
2562,387
2563,216
2564,378
2565,285
2566,243
2567,225
2568,335
2569,340
2570,302
2571,428
2572,470
2573,408
2574,449
2575,275
2576,505
2577,400
2578,626
2579,257
2580,327
2581,367
2582,265
2583,356
2584,272
2585,480
2586,398
2587,388
2588,352
2589,299
2590,369
2591,304
2592,657
2593,345
2594,296
2595,224
2596,310
2597,365
2598,275
2599,301
2600,430
2601,331
2602,310
2603,246
2604,330
2605,255
2606,331
2607,220
2608,323
2609,399
2610,204
2611,355
2612,223
2613,283
2614,311
2615,271
2616,377
2617,353
2618,300
2619,302
2620,355
2621,293
2622,386
2623,307
2624,223
2625,360
2626,286
2627,244
2628,270
2629,347
2630,486
2631,183
2632,457
2633,316
2634,305
2635,251
2636,271
2637,290
2638,362
2639,333
2640,360
2641,232
2642,408
2643,444
2644,374
2645,403
2646,418
2647,411
2648,278
2649,373
2650,286
2651,258
2652,478
2653,318
2654,345
2655,148
2656,231
2657,348
2658,209
2659,366
2660,469
2661,292
2662,424
2663,312
2664,519
2665,315
2666,300
2667,401
2668,429
2669,330
2670,385
2671,273
2672,154
2673,352
2674,237
2675,247
2676,235
2677,283
2678,229
2679,221
2680,556
2681,408
2682,323
2683,392
2684,490
2685,414
2686,416
2687,396
2688,278
2689,404
2690,281
2691,401
2692,373
2693,373
2694,459
2695,261
2696,316
2697,327
2698,362
2699,413
2700,356
2701,392
2702,431
2703,329
2704,330
2705,432
2706,165
2707,470
2708,460
2709,315
2710,339
2711,303
2712,442
2713,277
2714,260
2715,493
2716,263
2717,331
2718,268
2719,256
2720,245
2721,468
2722,320
2723,272
2724,341
2725,295
2726,439
2727,437
2728,542
2729,388
2730,257
2731,253
2732,353
2733,379
2734,562
2735,212
2736,322
2737,356
2738,338
2739,326
2740,314
2741,356
2742,575
2743,495
2744,387
2745,335
2746,204
2747,316
2748,540
2749,393
2750,394
2751,468
2752,500
2753,468
2754,522
2755,282
2756,166
2757,255
2758,543
2759,466
2760,128
2761,270
2762,228
2763,362
2764,647
2765,370
2766,350
2767,452
2768,452
2769,454
2770,339
2771,456
2772,362
2773,402
2774,265
2775,354
2776,430
2777,333
2778,365
2779,237
2780,352
2781,405
2782,479
2783,368
2784,422
2785,304
2786,273
2787,253
2788,555
2789,457
2790,238
2791,190
2792,236
2793,259
2794,224
2795,416
2796,400
2797,418
2798,327
2799,326
2800,369
2801,306
2802,367
2803,548
2804,344
2805,393
2806,480
2807,311
2808,174
2809,352
2810,402
2811,279
2812,544
2813,209
2814,421
2815,257
2816,226
2817,365
2818,386
2819,424
2820,233
2821,458
2822,243
2823,201
2824,235
2825,269
2826,205
2827,349
2828,287
2829,359
2830,370
2831,379
2832,390
2833,249
2834,250
2835,329
2836,323
2837,338
2838,349
2839,319
2840,587
2841,355
2842,328
2843,361
2844,338
2845,369
2846,367
2847,564
2848,244
2849,349
2850,328
2851,256
2852,428
2853,286
2854,388
2855,445
2856,269
2857,366
2858,236
2859,478
2860,504
2861,321
2862,318
2863,442
2864,316
2865,334
2866,328
2867,364
2868,252
2869,402
2870,380
2871,373
2872,288
2873,219
2874,192
2875,325
2876,250
2877,378
2878,250
2879,452
2880,462
2881,396
2882,284
2883,440
2884,507
2885,334
2886,369
2887,247
2888,373
2889,247
2890,232
2891,297
2892,344
2893,493
2894,447
2895,268
2896,289
2897,283
2898,335
2899,334
2900,387
2901,400
2902,309
2903,375
2904,454
2905,391
2906,379
2907,251
2908,188
2909,277
2910,304
2911,237
2912,448
2913,428
2914,329
2915,332
2916,323
2917,433
2918,549
2919,310
2920,342
2921,266
2922,382
2923,368
2924,374
2925,325
2926,339
2927,378
2928,381
2929,329
2930,324
2931,432
2932,525
2933,210
2934,309
2935,357
2936,471
2937,202
2938,244
2939,358
2940,368
2941,224
2942,202
2943,207
2944,353
2945,354
2946,427
2947,374
2948,395
2949,425
2950,439
2951,219
2952,429
2953,618
2954,437
2955,291
2956,234
2957,404
2958,395
2959,328
2960,353
2961,413
2962,235
2963,456
2964,350
2965,345
2966,214
2967,299
2968,451
2969,266
2970,367
2971,391
2972,366
2973,390
2974,279
2975,336
2976,183
2977,373
2978,422
2979,360
2980,335
2981,396
2982,288
2983,222
2984,284
2985,412
2986,151
2987,214
2988,373
2989,358
2990,197
2991,296
2992,232
2993,530
2994,424
2995,547
2996,347
2997,402
2998,279
2999,356
3000,333
3001,506
3002,410
3003,273
3004,472
3005,212
3006,217
3007,369
3008,233
3009,480
3010,309
3011,150
3012,210
3013,401
3014,472
3015,429
3016,251
3017,323
3018,293
3019,316
3020,380
3021,492
3022,351
3023,336
3024,339
3025,349
3026,502
3027,346
3028,436
3029,390
3030,473
3031,298
3032,467
3033,302
3034,387
3035,278
3036,289
3037,362
3038,292
3039,320
3040,298
3041,287
3042,246
3043,204
3044,329
3045,420
3046,373
3047,289
3048,427
3049,448
3050,404
3051,160
3052,345
3053,424
3054,425
3055,389
3056,349
3057,267
3058,255
3059,350
3060,315
3061,352
3062,381
3063,259
3064,386
3065,424
3066,621
3067,416
3068,263
3069,372
3070,283
3071,273
3072,414
3073,416
3074,576
3075,275
3076,389
3077,261
3078,271
3079,314
3080,325
3081,401
3082,346
3083,266
3084,407
3085,304
3086,391
3087,336
3088,326
3089,552
3090,382
3091,364
3092,254
3093,472
3094,408
3095,245
3096,229
3097,322
3098,377
3099,350
3100,340
3101,344
3102,255
3103,265
3104,292
3105,391
3106,304
3107,303
3108,366
3109,298
3110,252
3111,469
3112,359
3113,255
3114,301
3115,256
3116,393
3117,369
3118,519
3119,330
3120,438
3121,268
3122,258
3123,408
3124,388
3125,353
3126,340
3127,436
3128,264
3129,388
3130,445
3131,275
3132,424
3133,430
3134,303
3135,414
3136,382
3137,492
3138,346
3139,537
3140,281
3141,350
3142,565
3143,417
3144,327
3145,416
3146,241
3147,288
3148,321
3149,452
3150,404
3151,307
3152,369
3153,573
3154,173
3155,384
3156,490
3157,558
3158,297
3159,415
3160,483
3161,292
3162,417
3163,259
3164,553
3165,302
3166,394
3167,497
3168,415
3169,376
3170,268
3171,460
3172,539
3173,430
3174,233
3175,376
3176,386
3177,427
3178,584
3179,442
3180,301
3181,297
3182,334
3183,358
3184,431
3185,351
3186,478
3187,484
3188,342
3189,344
3190,292
3191,338
3192,314
3193,555
3194,636
3195,505
3196,295
3197,586
3198,188
3199,443
3200,272
3201,226
3202,349
3203,299
3204,402
3205,403
3206,409
3207,2260
3208,373
3209,341
3210,484
3211,455
3212,381
3213,373
3214,508
3215,142
3216,504
3217,358
3218,376
3219,354
3220,292
3221,371
3222,377
3223,440
3224,304
3225,310
3226,330
3227,250
3228,311
3229,339
3230,418
3231,464
3232,434
3233,191
3234,399
3235,257
3236,351
3237,377
3238,325
3239,582
3240,261
3241,596
3242,471
3243,361
3244,345
3245,622
3246,256
3247,510
3248,391
3249,321
3250,291
3251,319
3252,178
3253,264
3254,430
3255,326
3256,466
3257,399
3258,427
3259,419
3260,545
3261,271
3262,528
3263,410
3264,249
3265,382
3266,366
3267,317
3268,331
3269,334
3270,275
3271,171
3272,565
3273,549
3274,423
3275,333
3276,366
3277,152
3278,161
3279,376
3280,304
3281,266
3282,453
3283,236
3284,271
3285,271
3286,259
3287,495
3288,362
3289,320
3290,527
3291,301
3292,286
3293,408
3294,326
3295,276
3296,474
3297,261
3298,214
3299,344
3300,243
3301,468
3302,310
3303,234
3304,390
3305,467
3306,278
3307,279
3308,300
3309,483
3310,365
3311,368
3312,354
3313,243
3314,627
3315,537
3316,476
3317,159
3318,345
3319,308
3320,361
3321,420
3322,525
3323,351
3324,207
3325,339
3326,343
3327,288
3328,319
3329,282
3330,496
3331,340
3332,295
3333,362
3334,283
3335,384
3336,324
3337,491
3338,411
3339,475
3340,299
3341,410
3342,551
3343,373
3344,539
3345,350
3346,256
3347,400
3348,397
3349,295
3350,285
3351,283
3352,423
3353,253
3354,257
3355,325
3356,327
3357,532
3358,426
3359,402
3360,668
3361,316
3362,345
3363,424
3364,298
3365,519
3366,302
3367,354
3368,595
3369,543
3370,528
3371,318
3372,352
3373,404
3374,351
3375,341
3376,290
3377,380
3378,440
3379,612
3380,384
3381,382
3382,430
3383,445
3384,508
3385,423
3386,297
3387,357
3388,414
3389,376
3390,373
3391,255
3392,582
3393,428
3394,483
3395,353
3396,276
3397,455
3398,365
3399,270
3400,423
3401,240
3402,559
3403,310
3404,264
3405,378
3406,371
3407,378
3408,356
3409,387
3410,340
3411,246
3412,496
3413,416
3414,345
3415,396
3416,358
3417,586
3418,220
3419,257
3420,282
3421,346
3422,378
3423,306
3424,329
3425,525
3426,447
3427,462
3428,388
3429,205
3430,202
3431,420
3432,273
3433,528
3434,540
3435,237
3436,315
3437,445
3438,297
3439,479
3440,349
3441,231
3442,382
3443,405
3444,575
3445,366
3446,452
3447,417
3448,465
3449,247
3450,374
3451,410
3452,309
3453,486
3454,293
3455,583
3456,377
3457,394
3458,448
3459,299
3460,290
3461,295
3462,379
3463,273
3464,277
3465,339
3466,363
3467,417
3468,448
3469,415
3470,614
3471,363
3472,409
3473,289
3474,363
3475,366
3476,319
3477,288
3478,472
3479,413
3480,329
3481,365
3482,415
3483,385
3484,448
3485,576
3486,359
3487,308
3488,386
3489,480
3490,444
3491,336
3492,624
3493,409
3494,456
3495,343
3496,506
3497,412
3498,497
3499,174
3500,247
3501,516
3502,288
3503,100
3504,283
3505,282
3506,296
3507,491
3508,420
3509,423
3510,330
3511,302
3512,395
3513,337
3514,375
3515,486
3516,314
3517,427
3518,432
3519,214
3520,306
3521,418
3522,388
3523,250
3524,233
3525,298
3526,408
3527,671
3528,266
3529,404
3530,199
3531,539
3532,349
3533,437
3534,446
3535,475
3536,625
3537,232
3538,413
3539,279
3540,244
3541,305
3542,552
3543,392
3544,239
3545,295
3546,378
3547,512
3548,294
3549,254
3550,451
3551,318
3552,474
3553,478
3554,516
3555,335
3556,382
3557,567
3558,352
3559,394
3560,528
3561,249
3562,558
3563,371
3564,521
3565,452
3566,374
3567,187
3568,350
3569,266
3570,401
3571,522
3572,405
3573,339
3574,265
3575,420
3576,297
3577,440
3578,462
3579,296
3580,499
3581,365
3582,578
3583,555
3584,314
3585,291
3586,370
3587,576
3588,443
3589,245
3590,239
3591,513
3592,403
3593,334
3594,365
3595,477
3596,389
3597,379
3598,381
3599,252
3600,314
3601,460
3602,324
3603,336
3604,502
3605,533
3606,346
3607,443
3608,386
3609,271
3610,376
3611,410
3612,253
3613,457
3614,393
3615,376
3616,422
3617,423
3618,281
3619,285
3620,491
3621,572
3622,364
3623,407
3624,395
3625,603
3626,331
3627,490
3628,531
3629,274
3630,421
3631,383
3632,393
3633,420
3634,348
3635,603
3636,278
3637,372
3638,266
3639,433
3640,371
3641,333
3642,400
3643,508
3644,400
3645,230
3646,626
3647,346
3648,315
3649,349
3650,294
3651,313
3652,605
3653,376
3654,463
3655,356
3656,318
3657,479
3658,466
3659,323
3660,529
3661,510
3662,521
3663,374
3664,221
3665,445
3666,414
3667,383
3668,337
3669,258
3670,268
3671,512
3672,399
3673,426
3674,354
3675,459
3676,266
3677,271
3678,477
3679,387
3680,322
3681,458
3682,428
3683,573
3684,380
3685,360
3686,397
3687,313
3688,444
3689,423
3690,406
3691,420
3692,353
3693,426
3694,428
3695,280
3696,527
3697,438
3698,305
3699,448
3700,595
3701,350
3702,343
3703,450
3704,529
3705,442
3706,461
3707,436
3708,509
3709,338
3710,280
3711,549
3712,280
3713,431
3714,376
3715,410
3716,405
3717,289
3718,343
3719,633
3720,411
3721,324
3722,354
3723,641
3724,408
3725,536
3726,228
3727,441
3728,417
3729,355
3730,383
3731,316
3732,408
3733,374
3734,399
3735,230
3736,448
3737,381
3738,285
3739,449
3740,324
3741,474
3742,503
3743,392
3744,295
3745,483
3746,459
3747,392
3748,388
3749,390
3750,225
3751,295
3752,447
3753,499
3754,270
3755,353
3756,352
3757,247
3758,326
3759,411
3760,730
3761,358
3762,266
3763,333
3764,296
3765,386
3766,412
3767,342
3768,226
3769,529
3770,399
3771,480
3772,307
3773,398
3774,513
3775,295
3776,564
3777,284
3778,390
3779,310
3780,489
3781,449
3782,367
3783,320
3784,288
3785,429
3786,281
3787,472
3788,675
3789,549
3790,455
3791,427
3792,343
3793,334
3794,384
3795,218
3796,306
3797,208
3798,416
3799,576
3800,528
3801,429
3802,281
3803,501
3804,505
3805,324
3806,470
3807,399
3808,516
3809,428
3810,450
3811,320
3812,314
3813,329
3814,248
3815,449
3816,591
3817,388
3818,354
3819,638
3820,474
3821,541
3822,494
3823,322
3824,393
3825,447
3826,400
3827,566
3828,363
3829,302
3830,113
3831,265
3832,460
3833,139
3834,232
3835,384
3836,756
3837,334
3838,460
3839,262
3840,451
3841,540
3842,438
3843,259
3844,348
3845,412
3846,394
3847,379
3848,406
3849,459
3850,354
3851,465
3852,428
3853,432
3854,302
3855,256
3856,401
3857,309
3858,369
3859,362
3860,317
3861,445
3862,391
3863,386
3864,480
3865,434
3866,623
3867,293
3868,354
3869,647
3870,387
3871,352
3872,463
3873,284
3874,495
3875,412
3876,520
3877,295
3878,356
3879,467
3880,378
3881,378
3882,417
3883,357
3884,595
3885,403
3886,385
3887,449
3888,276
3889,353
3890,216
3891,422
3892,202
3893,210
3894,453
3895,656
3896,337
3897,300
3898,453
3899,489
3900,643
3901,389
3902,493
3903,347
3904,656
3905,353
3906,751
3907,639
3908,570
3909,439
3910,368
3911,305
3912,399
3913,406
3914,323
3915,413
3916,473
3917,279
3918,492
3919,353
3920,194
3921,565
3922,273
3923,322
3924,483
3925,289
3926,506
3927,536
3928,294
3929,216
3930,340
3931,414
3932,413
3933,340
3934,372
3935,441
3936,330
3937,483
3938,581
3939,475
3940,347
3941,366
3942,522
3943,546
3944,303
3945,465
3946,240
3947,377
3948,478
3949,341
3950,469
3951,509
3952,226
3953,327
3954,417
3955,476
3956,451
3957,422
3958,552
3959,532
3960,227
3961,594
3962,281
3963,476
3964,431
3965,310
3966,498
3967,417
3968,449
3969,579
3970,422
3971,488
3972,290
3973,461
3974,417
3975,502
3976,232
3977,388
3978,352
3979,336
3980,496
3981,283
3982,358
3983,623
3984,541
3985,570
3986,475
3987,372
3988,337
3989,500
3990,745
3991,506
3992,320
3993,461
3994,236
3995,485
3996,305
3997,296
3998,526
3999,553
4000,460
4001,550
4002,220
4003,318
4004,387
4005,338
4006,411
4007,222
4008,487
4009,225
4010,598
4011,448
4012,226
4013,470
4014,281
4015,480
4016,626
4017,467
4018,496
4019,303
4020,477
4021,512
4022,393
4023,427
4024,342
4025,409
4026,251
4027,262
4028,343
4029,526
4030,434
4031,494
4032,302
4033,351
4034,450
4035,401
4036,327
4037,249
4038,533
4039,529
4040,384
4041,389
4042,516
4043,372
4044,366
4045,483
4046,422
4047,328
4048,451
4049,470
4050,317
4051,441
4052,435
4053,309
4054,511
4055,333
4056,248
4057,322
4058,454
4059,426
4060,431
4061,378
4062,233
4063,371
4064,664
4065,370
4066,570
4067,378
4068,333
4069,474
4070,414
4071,399
4072,284
4073,425
4074,454
4075,293
4076,507
4077,366
4078,415
4079,397
4080,446
4081,273
4082,322
4083,312
4084,302
4085,629
4086,416
4087,636
4088,235
4089,333
4090,287
4091,449
4092,375
4093,371
4094,296
4095,664
4096,328
4097,203
4098,462
4099,361
4100,374
4101,345
4102,647
4103,250
4104,238
4105,530
4106,546
4107,307
4108,413
4109,260
4110,295
4111,493
4112,621
4113,390
4114,336
4115,278
4116,333
4117,514
4118,409
4119,362
4120,177
4121,276
4122,468
4123,557
4124,394
4125,834
4126,270
4127,528
4128,358
4129,515
4130,322
4131,433
4132,414
4133,632
4134,395
4135,322
4136,271
4137,375
4138,384
4139,541
4140,409
4141,359
4142,406
4143,451
4144,573
4145,629
4146,413
4147,369
4148,436
4149,682
4150,326
4151,480
4152,264
4153,221
4154,392
4155,287
4156,556
4157,381
4158,441
4159,460
4160,431
4161,423
4162,402
4163,315
4164,440
4165,372
4166,313
4167,480
4168,432
4169,376
4170,384
4171,266
4172,530
4173,256
4174,446
4175,338
4176,205
4177,382
4178,544
4179,604
4180,1429
4181,398
4182,504
4183,500
4184,413
4185,610
4186,343
4187,560
4188,310
4189,292
4190,559
4191,620
4192,548
4193,666
4194,503
4195,365
4196,489
4197,305
4198,281
4199,359
4200,410
4201,612
4202,349
4203,378
4204,438
4205,374
4206,278
4207,601
4208,429
4209,398
4210,456
4211,444
4212,334
4213,493
4214,488
4215,359
4216,368
4217,517
4218,338
4219,465
4220,536
4221,268
4222,192
4223,531
4224,311
4225,424
4226,413
4227,451
4228,257
4229,411
4230,474
4231,268
4232,486
4233,283
4234,383
4235,246
4236,359
4237,692
4238,318
4239,368
4240,378
4241,609
4242,347
4243,346
4244,262
4245,325
4246,255
4247,487
4248,338
4249,334
4250,484
4251,376
4252,313
4253,385
4254,497
4255,284
4256,411
4257,323
4258,605
4259,395
4260,390
4261,497
4262,437
4263,344
4264,371
4265,577
4266,460
4267,318
4268,384
4269,393
4270,469
4271,277
4272,383
4273,304
4274,308
4275,610
4276,574
4277,675
4278,441
4279,571
4280,337
4281,301
4282,719
4283,361
4284,409
4285,312
4286,459
4287,407
4288,299
4289,278
4290,180
4291,445
4292,364
4293,493
4294,364
4295,356
4296,358
4297,386
4298,423
4299,319
4300,523
4301,339
4302,368
4303,680
4304,339
4305,433
4306,290
4307,572
4308,386
4309,534
4310,592
4311,614
4312,222
4313,435
4314,444
4315,394
4316,344
4317,333
4318,450
4319,447
4320,286
4321,306
4322,296
4323,295
4324,259
4325,223
4326,344
4327,361
4328,226
4329,325
4330,394
4331,224
4332,242
4333,628
4334,401
4335,490
4336,360
4337,245
4338,419
4339,501
4340,286
4341,455
4342,439
4343,305
4344,423
4345,337
4346,489
4347,446
4348,657
4349,688
4350,378
4351,361
4352,508
4353,487
4354,475
4355,457
4356,685
4357,270
4358,295
4359,299
4360,369
4361,309
4362,358
4363,544
4364,367
4365,475
4366,360
4367,370
4368,416
4369,332
4370,495
4371,418
4372,157
4373,360
4374,407
4375,375
4376,368
4377,283
4378,271
4379,315
4380,330
4381,447
4382,328
4383,427
4384,303
4385,371
4386,506
4387,345
4388,479
4389,470
4390,376
4391,307
4392,492
4393,433
4394,424
4395,516
4396,371
4397,408
4398,352
4399,413
4400,362
4401,503
4402,324
4403,392
4404,489
4405,539
4406,605
4407,434
4408,529
4409,449
4410,361
4411,428
4412,345
4413,489
4414,380
4415,466
4416,473
4417,595
4418,632
4419,386
4420,463
4421,792
4422,254
4423,326
4424,566
4425,466
4426,406
4427,534
4428,413
4429,400
4430,445
4431,288
4432,382
4433,583
4434,369
4435,334
4436,414
4437,460
4438,399
4439,244
4440,443
4441,442
4442,365
4443,506
4444,430
4445,361
4446,401
4447,317
4448,289
4449,393
4450,316
4451,414
4452,391
4453,479
4454,215
4455,299
4456,385
4457,134
4458,477
4459,395
4460,407
4461,298
4462,255
4463,453
4464,265
4465,387
4466,328
4467,378
4468,314
4469,402
4470,381
4471,394
4472,319
4473,394
4474,390
4475,490
4476,509
4477,414
4478,355
4479,347
4480,279
4481,462
4482,448
4483,215
4484,442
4485,234
4486,334
4487,410
4488,484
4489,470
4490,582
4491,317
4492,321
4493,397
4494,450
4495,666
4496,442
4497,272
4498,146
4499,552
4500,354
4501,472
4502,450
4503,709
4504,582
4505,407
4506,373
4507,462
4508,429
4509,430
4510,388
4511,381
4512,358
4513,294
4514,533
4515,470
4516,369
4517,250
4518,371
4519,699
4520,379
4521,327
4522,306
4523,409
4524,426
4525,449
4526,300
4527,537
4528,507
4529,324
4530,301
4531,419
4532,601
4533,429
4534,259
4535,405
4536,425
4537,468
4538,403
4539,395
4540,380
4541,675
4542,552
4543,537
4544,408
4545,346
4546,436
4547,285
4548,252
4549,463
4550,346
4551,342
4552,436
4553,327
4554,273
4555,461
4556,424
4557,262
4558,659
4559,309
4560,553
4561,305
4562,425
4563,242
4564,340
4565,473
4566,275
4567,527
4568,406
4569,489
4570,523
4571,280
4572,490
4573,495
4574,351
4575,357
4576,279
4577,310
4578,459
4579,327
4580,295
4581,394
4582,364
4583,566
4584,573
4585,309
4586,413
4587,219
4588,523
4589,523
4590,555
4591,217
4592,365
4593,265
4594,183
4595,322
4596,391
4597,671
4598,585
4599,432
4600,348
4601,331
4602,316
4603,480
4604,414
4605,440
4606,274
4607,439
4608,389
4609,278
4610,424
4611,267
4612,507
4613,692
4614,512
4615,509
4616,621
4617,627
4618,411
4619,300
4620,433
4621,462
4622,424
4623,617
4624,478
4625,214
4626,549
4627,568
4628,737
4629,466
4630,791
4631,344
4632,531
4633,314
4634,585
4635,563
4636,453
4637,368
4638,498
4639,558
4640,255
4641,522
4642,255
4643,343
4644,296
4645,412
4646,316
4647,353
4648,376
4649,330
4650,292
4651,433
4652,369
4653,316
4654,447
4655,607
4656,408
4657,191
4658,542
4659,388
4660,514
4661,401
4662,657
4663,353
4664,187
4665,390
4666,485
4667,467
4668,272
4669,176
4670,285
4671,396
4672,417
4673,403
4674,291
4675,377
4676,453
4677,376
4678,290
4679,408
4680,478
4681,341
4682,430
4683,598
4684,385
4685,378
4686,243
4687,545
4688,328
4689,291
4690,361
4691,514
4692,280
4693,529
4694,424
4695,500
4696,380
4697,455
4698,475
4699,278
4700,386
4701,487
4702,309
4703,706
4704,312
4705,442
4706,416
4707,503
4708,385
4709,807
4710,691
4711,349
4712,390
4713,679
4714,523
4715,343
4716,701
4717,500
4718,279
4719,585
4720,472
4721,217
4722,254
4723,458
4724,412
4725,424
4726,740
4727,430
4728,373
4729,511
4730,490
4731,432
4732,396
4733,337
4734,420
4735,277
4736,326
4737,289
4738,657
4739,531
4740,779
4741,418
4742,378
4743,352
4744,278
4745,319
4746,597
4747,261
4748,413
4749,328
4750,372
4751,489
4752,390
4753,574
4754,572
4755,313
4756,227
4757,408
4758,352
4759,410
4760,365
4761,274
4762,582
4763,249
4764,417
4765,501
4766,374
4767,469
4768,582
4769,429
4770,513
4771,575
4772,436
4773,314
4774,684
4775,603
4776,239
4777,498
4778,451
4779,557
4780,474
4781,266
4782,362
4783,471
4784,333
4785,417
4786,452
4787,285
4788,319
4789,434
4790,444
4791,312
4792,400
4793,437
4794,534
4795,586
4796,423
4797,432
4798,365
4799,519
4800,176
4801,337
4802,308
4803,411
4804,488
4805,510
4806,403
4807,471
4808,311
4809,460
4810,254
4811,419
4812,534
4813,318
4814,215
4815,384
4816,291
4817,777
4818,281
4819,555
4820,413
4821,516
4822,391
4823,429
4824,470
4825,489
4826,295
4827,258
4828,651
4829,406
4830,353
4831,331
4832,567
4833,672
4834,728
4835,598
4836,505
4837,527
4838,462
4839,407
4840,426
4841,598
4842,277
4843,502
4844,398
4845,381
4846,551
4847,755
4848,674
4849,607
4850,305
4851,307
4852,401
4853,574
4854,585
4855,533
4856,459
4857,333
4858,331
4859,546
4860,404
4861,446
4862,250
4863,355
4864,543
4865,330
4866,719
4867,626
4868,370
4869,239
4870,428
4871,556
4872,614
4873,533
4874,407
4875,476
4876,415
4877,376
4878,507
4879,359
4880,408
4881,499
4882,433
4883,686
4884,255
4885,539
4886,394
4887,386
4888,246
4889,486
4890,740
4891,395
4892,342
4893,521
4894,365
4895,530
4896,352
4897,528
4898,398
4899,569
4900,513
4901,459
4902,299
4903,397
4904,346
4905,569
4906,398
4907,697
4908,312
4909,476
4910,358
4911,409
4912,353
4913,526
4914,411
4915,293
4916,468
4917,447
4918,245
4919,283
4920,843
4921,438
4922,425
4923,584
4924,466
4925,347
4926,518
4927,454
4928,509
4929,344
4930,352
4931,348
4932,331
4933,522
4934,444
4935,409
4936,376
4937,432
4938,355
4939,328
4940,341
4941,540
4942,474
4943,805
4944,379
4945,393
4946,313
4947,420
4948,627
4949,285
4950,348
4951,526
4952,304
4953,339
4954,368
4955,408
4956,348
4957,414
4958,510
4959,367
4960,288
4961,362
4962,607
4963,470
4964,506
4965,443
4966,227
4967,263
4968,326
4969,640
4970,534
4971,653
4972,304
4973,461
4974,388
4975,622
4976,191
4977,371
4978,569
4979,246
4980,533
4981,409
4982,439
4983,313
4984,260
4985,342
4986,308
4987,326
4988,310
4989,345
4990,405
4991,352
4992,323
4993,407
4994,516
4995,298
4996,505
4997,579
4998,690
4999,526
5000,701
5001,354
5002,625
5003,244
5004,638
5005,391
5006,725
5007,369
5008,282
5009,535
5010,619
5011,312
5012,381
5013,498
5014,527
5015,481
5016,378
5017,325
5018,492
5019,476
5020,377
5021,427
5022,390
5023,574
5024,402
5025,508
5026,455
5027,348
5028,451
5029,239
5030,305
5031,480
5032,404
5033,449
5034,488
5035,401
5036,312
5037,317
5038,710
5039,332
5040,394
5041,475
5042,443
5043,167
5044,451
5045,383
5046,444
5047,617
5048,477
5049,482
5050,481
5051,269
5052,275
5053,354
5054,355
5055,693
5056,412
5057,459
5058,658
5059,613
5060,441
5061,139
5062,470
5063,357
5064,381
5065,392
5066,215
5067,324
5068,541
5069,446
5070,392
5071,400
5072,501
5073,523
5074,594
5075,531
5076,655
5077,289
5078,359
5079,679
5080,287
5081,486
5082,557
5083,485
5084,603
5085,751
5086,469
5087,415
5088,436
5089,273
5090,339
5091,151
5092,415
5093,464
5094,471
5095,470
5096,353
5097,460
5098,398
5099,403
5100,419
5101,283
5102,315
5103,425
5104,500
5105,472
5106,656
5107,471
5108,339
5109,467
5110,539
5111,621
5112,617
5113,317
5114,403
5115,341
5116,369
5117,362
5118,302
5119,388
5120,599
5121,358
5122,263
5123,414
5124,189
5125,250
5126,616
5127,457
5128,470
5129,438
5130,684
5131,520
5132,540
5133,398
5134,536
5135,506
5136,302
5137,443
5138,592
5139,434
5140,591
5141,504
5142,485
5143,356
5144,475
5145,245
5146,343
5147,360
5148,224
5149,387
5150,572
5151,275
5152,414
5153,528
5154,357
5155,347
5156,454
5157,394
5158,305
5159,554
5160,414
5161,646
5162,369
5163,359
5164,562
5165,436
5166,685
5167,440
5168,581
5169,497
5170,427
5171,423
5172,712
5173,400
5174,401
5175,438
5176,472
5177,416
5178,421
5179,453
5180,370
5181,306
5182,415
5183,547
5184,306
5185,410
5186,544
5187,262
5188,427
5189,332
5190,321
5191,237
5192,545
5193,261
5194,359
5195,215
5196,538
5197,387
5198,484
5199,303
5200,269
5201,597
5202,429
5203,329
5204,312
5205,338
5206,358
5207,383
5208,491
5209,575
5210,442
5211,382
5212,774
5213,480
5214,474
5215,359
5216,334
5217,369
5218,244
5219,602
5220,417
5221,265
5222,555
5223,601
5224,688
5225,399
5226,542
5227,462
5228,555
5229,590
5230,399
5231,337
5232,526
5233,518
5234,617
5235,461
5236,481
5237,431
5238,338
5239,488
5240,524
5241,445
5242,411
5243,473
5244,476
5245,442
5246,354
5247,490
5248,541
5249,558
5250,413
5251,509
5252,676
5253,581
5254,607
5255,280
5256,352
5257,615
5258,523
5259,459
5260,529
5261,229
5262,380
5263,500
5264,354
5265,287
5266,684
5267,417
5268,805
5269,351
5270,317
5271,387
5272,263
5273,336
5274,373
5275,528
5276,469
5277,466
5278,279
5279,704
5280,324
5281,172
5282,367
5283,682
5284,375
5285,390
5286,462
5287,564
5288,350
5289,397
5290,454
5291,553
5292,321
5293,428
5294,345
5295,593
5296,249
5297,286
5298,514
5299,315
5300,328
5301,527
5302,317
5303,463
5304,330
5305,258
5306,375
5307,368
5308,228
5309,438
5310,448
5311,304
5312,440
5313,380
5314,463
5315,331
5316,501
5317,557
5318,582
5319,550
5320,543
5321,304
5322,361
5323,335
5324,506
5325,602
5326,784
5327,263
5328,352
5329,364
5330,586
5331,592
5332,696
5333,315
5334,296
5335,467
5336,495
5337,484
5338,624
5339,197
5340,688
5341,394
5342,351
5343,482
5344,342
5345,281
5346,386
5347,454
5348,535
5349,423
5350,473
5351,411
5352,326
5353,518
5354,507
5355,432
5356,397
5357,264
5358,456
5359,556
5360,282
5361,416
5362,459
5363,433
5364,722
5365,433
5366,394
5367,359
5368,258
5369,528
5370,450
5371,382
5372,250
5373,353
5374,250
5375,539
5376,502
5377,690
5378,626
5379,408
5380,521
5381,414
5382,390
5383,347
5384,205
5385,385
5386,408
5387,361
5388,374
5389,417
5390,259
5391,368
5392,398
5393,230
5394,413
5395,342
5396,624
5397,237
5398,482
5399,522
5400,503
5401,391
5402,432
5403,534
5404,329
5405,490
5406,335
5407,511
5408,553
5409,260
5410,360
5411,463
5412,418
5413,367
5414,393
5415,657
5416,675
5417,456
5418,454
5419,318
5420,558
5421,512
5422,247
5423,466
5424,301
5425,553
5426,826
5427,371
5428,535
5429,272
5430,594
5431,451
5432,370
5433,362
5434,552
5435,433
5436,473
5437,483
5438,733
5439,430
5440,409
5441,451
5442,415
5443,519
5444,399
5445,490
5446,750
5447,538
5448,385
5449,572
5450,435
5451,427
5452,462
5453,460
5454,412
5455,350
5456,278
5457,424
5458,497
5459,418
5460,311
5461,334
5462,508
5463,320
5464,352
5465,279
5466,356
5467,262
5468,509
5469,303
5470,553
5471,440
5472,621
5473,314
5474,218
5475,267
5476,485
5477,279
5478,497
5479,449
5480,594
5481,324
5482,469
5483,524
5484,280
5485,380
5486,595
5487,388
5488,505
5489,315
5490,184
5491,281
5492,744
5493,461
5494,250
5495,512
5496,322
5497,327
5498,507
5499,473
5500,650
5501,626
5502,663
5503,459
5504,455
5505,552
5506,488
5507,543
5508,528
5509,397
5510,462
5511,435
5512,338
5513,524
5514,414
5515,481
5516,368
5517,305
5518,406
5519,580
5520,522
5521,583
5522,710
5523,427
5524,695
5525,523
5526,359
5527,547
5528,497
5529,381
5530,529
5531,420
5532,279
5533,498
5534,617
5535,617
5536,381
5537,425
5538,616
5539,537
5540,318
5541,454
5542,636
5543,456
5544,458
5545,171
5546,416
5547,505
5548,195
5549,473
5550,381
5551,350
5552,343
5553,382
5554,642
5555,440
5556,301
5557,409
5558,519
5559,512
5560,353
5561,635
5562,444
5563,330
5564,509
5565,424
5566,360
5567,216
5568,341
5569,466
5570,499
5571,486
5572,376
5573,524
5574,517
5575,264
5576,400
5577,443
5578,478
5579,472
5580,430
5581,476
5582,452
5583,494
5584,588
5585,751
5586,703
5587,463
5588,410
5589,303
5590,539
5591,368
5592,567
5593,270
5594,355
5595,357
5596,299
5597,304
5598,271
5599,271
5600,573
5601,595
5602,523
5603,271
5604,379
5605,406
5606,509
5607,311
5608,839
5609,403
5610,514
5611,630
5612,278
5613,430
5614,302
5615,358
5616,359
5617,642
5618,340
5619,380
5620,527
5621,412
5622,586
5623,458
5624,331
5625,400
5626,544
5627,503
5628,489
5629,624
5630,328
5631,512
5632,503
5633,562
5634,636
5635,621
5636,598
5637,265
5638,370
5639,248
5640,494
5641,500
5642,244
5643,456
5644,318
5645,493
5646,407
5647,548
5648,276
5649,512
5650,523
5651,743
5652,414
5653,365
5654,359
5655,482
5656,158
5657,452
5658,385
5659,366
5660,562
5661,422
5662,278
5663,689
5664,232
5665,309
5666,403
5667,561
5668,431
5669,249
5670,610
5671,427
5672,493
5673,404
5674,357
5675,481
5676,549
5677,410
5678,435
5679,571
5680,444
5681,482
5682,420
5683,642
5684,285
5685,434
5686,472
5687,420
5688,743
5689,505
5690,257
5691,307
5692,315
5693,537
5694,477
5695,509
5696,429
5697,703
5698,525
5699,362
5700,443
5701,376
5702,625
5703,357
5704,297
5705,563
5706,413
5707,623
5708,391
5709,510
5710,693
5711,418
5712,441
5713,216
5714,426
5715,404
5716,491
5717,518
5718,435
5719,381
5720,390
5721,267
5722,359
5723,454
5724,437
5725,639
5726,281
5727,754
5728,457
5729,409
5730,535
5731,430
5732,692
5733,532
5734,391
5735,541
5736,595
5737,556
5738,344
5739,500
5740,367
5741,373
5742,465
5743,327
5744,598
5745,580
5746,452
5747,442
5748,297
5749,424
5750,375
5751,355
5752,220
5753,600
5754,642
5755,635
5756,381
5757,444
5758,542
5759,432
5760,381
5761,553
5762,301
5763,491
5764,295
5765,447
5766,351
5767,397
5768,727
5769,403
5770,297
5771,154
5772,620
5773,411
5774,465
5775,259
5776,501
5777,470
5778,450
5779,467
5780,507
5781,611
5782,675
5783,312
5784,545
5785,353
5786,443
5787,365
5788,456
5789,584
5790,663
5791,346
5792,305
5793,720
5794,418
5795,622
5796,359
5797,627
5798,451
5799,415
5800,397
5801,589
5802,508
5803,808
5804,310
5805,573
5806,432
5807,521
5808,525
5809,378
5810,420
5811,482
5812,606
5813,494
5814,488
5815,674
5816,581
5817,444
5818,475
5819,364
5820,386
5821,611
5822,329
5823,704
5824,525
5825,507
5826,683
5827,642
5828,476
5829,413
5830,321
5831,586
5832,333
5833,378
5834,285
5835,358
5836,458
5837,258
5838,438
5839,650
5840,399
5841,457
5842,288
5843,537
5844,698
5845,642
5846,577
5847,318
5848,459
5849,467
5850,778
5851,623
5852,396
5853,389
5854,435
5855,527
5856,479
5857,346
5858,283
5859,415
5860,246
5861,234
5862,282
5863,212
5864,326
5865,419
5866,624
5867,260
5868,196
5869,541
5870,431
5871,532
5872,287
5873,456
5874,666
5875,225
5876,596
5877,551
5878,354
5879,366
5880,375
5881,544
5882,657
5883,723
5884,378
5885,602
5886,520
5887,684
5888,452
5889,392
5890,500
5891,415
5892,454
5893,498
5894,648
5895,352
5896,270
5897,485
5898,489
5899,460
5900,374
5901,547
5902,316
5903,421
5904,429
5905,372
5906,604
5907,337
5908,357
5909,388
5910,363
5911,400
5912,456
5913,377
5914,379
5915,447
5916,540
5917,437
5918,604
5919,409
5920,584
5921,602
5922,564
5923,375
5924,389
5925,546
5926,550
5927,550
5928,506
5929,448
5930,537
5931,503
5932,403
5933,646
5934,255
5935,498
5936,572
5937,488
5938,757
5939,715
5940,454
5941,481
5942,401
5943,543
5944,697
5945,325
5946,293
5947,472
5948,512
5949,525
5950,434
5951,599
5952,420
5953,570
5954,458
5955,683
5956,417
5957,698
5958,457
5959,659
5960,856
5961,653
5962,386
5963,460
5964,377
5965,501
5966,340
5967,692
5968,465
5969,290
5970,379
5971,475
5972,452
5973,357
5974,507
5975,627
5976,470
5977,569
5978,567
5979,440
5980,444
5981,685
5982,347
5983,302
5984,477
5985,400
5986,522
5987,344
5988,498
5989,372
5990,452
5991,376
5992,616
5993,506
5994,530
5995,381
5996,438
5997,625
5998,422
5999,252
6000,234
6001,327
6002,445
6003,339
6004,643
6005,384
6006,419
6007,433
6008,322
6009,307
6010,438
6011,376
6012,264
6013,328
6014,343
6015,576
6016,522
6017,385
6018,476
6019,465
6020,409
6021,454
6022,444
6023,405
6024,465
6025,542
6026,354
6027,227
6028,673
6029,523
6030,322
6031,247
6032,212
6033,510
6034,469
6035,399
6036,310
6037,464
6038,387
6039,340
6040,468
6041,550
6042,757
6043,477
6044,326
6045,631
6046,470
6047,437
6048,398
6049,365
6050,213
6051,878
6052,493
6053,509
6054,420
6055,404
6056,465
6057,426
6058,278
6059,605
6060,740
6061,448
6062,540
6063,491
6064,258
6065,391
6066,326
6067,766
6068,329
6069,643
6070,666
6071,581
6072,636
6073,671
6074,545
6075,356
6076,408
6077,161
6078,521
6079,421
6080,497
6081,604
6082,380
6083,571
6084,490
6085,349
6086,418
6087,410
6088,254
6089,504
6090,792
6091,284
6092,735
6093,477
6094,609
6095,444
6096,504
6097,381
6098,682
6099,333
6100,281
6101,362
6102,459
6103,322
6104,342
6105,666
6106,579
6107,542
6108,506
6109,518
6110,618
6111,300
6112,815
6113,217
6114,428
6115,337
6116,368
6117,444
6118,522
6119,455
6120,361
6121,406
6122,769
6123,707
6124,451
6125,233
6126,237
6127,330
6128,582
6129,263
6130,549
6131,372
6132,304
6133,363
6134,875
6135,445
6136,219
6137,666
6138,336
6139,556
6140,230
6141,207
6142,420
6143,339
6144,291
6145,437
6146,269
6147,720
6148,368
6149,822
6150,551
6151,434
6152,358
6153,571
6154,413
6155,411
6156,908
6157,625
6158,315
6159,346
6160,689
6161,426
6162,496
6163,562
6164,359
6165,228
6166,409
6167,322
6168,391
6169,605
6170,286
6171,294
6172,613
6173,751
6174,535
6175,462
6176,325
6177,358
6178,575
6179,409
6180,420
6181,406
6182,413
6183,501
6184,704
6185,510
6186,520
6187,694
6188,581
6189,488
6190,392
6191,548
6192,397
6193,701
6194,627
6195,694
6196,468
6197,400
6198,527
6199,272
6200,370
6201,519
6202,336
6203,254
6204,393
6205,265
6206,303
6207,453
6208,420
6209,263
6210,413
6211,352
6212,526
6213,521
6214,353
6215,323
6216,355
6217,604
6218,367
6219,753
6220,450
6221,522
6222,310
6223,438
6224,548
6225,536
6226,516
6227,509
6228,416
6229,626
6230,297
6231,358
6232,491
6233,647
6234,521
6235,543
6236,510
6237,780
6238,554
6239,399
6240,336
6241,644
6242,511
6243,474
6244,814
6245,632
6246,412
6247,267
6248,627
6249,496
6250,421
6251,561
6252,441
6253,272
6254,446
6255,590
6256,479
6257,388
6258,511
6259,662
6260,742
6261,304
6262,479
6263,570
6264,442
6265,327
6266,486
6267,308
6268,626
6269,300
6270,505
6271,354
6272,290
6273,457
6274,385
6275,267
6276,346
6277,479
6278,675
6279,545
6280,564
6281,461
6282,468
6283,474
6284,616
6285,452
6286,410
6287,621
6288,458
6289,659
6290,415
6291,470
6292,664
6293,472
6294,190
6295,507
6296,449
6297,545
6298,533
6299,359
6300,555
6301,529
6302,666
6303,626
6304,415
6305,949
6306,489
6307,531
6308,446
6309,181
6310,452
6311,577
6312,650
6313,733
6314,504
6315,424
6316,355
6317,694
6318,503
6319,238
6320,634
6321,393
6322,722
6323,648
6324,461
6325,558
6326,672
6327,347
6328,480
6329,335
6330,415
6331,577
6332,539
6333,602
6334,310
6335,501
6336,507
6337,526
6338,641
6339,561
6340,478
6341,554
6342,403
6343,505
6344,336
6345,639
6346,722
6347,545
6348,368
6349,724
6350,284
6351,472
6352,682
6353,491
6354,353
6355,639
6356,375
6357,455
6358,356
6359,278
6360,466
6361,269
6362,525
6363,571
6364,493
6365,588
6366,496
6367,517
6368,455
6369,840
6370,469
6371,381
6372,575
6373,523
6374,382
6375,372
6376,301
6377,411
6378,412
6379,457
6380,492
6381,370
6382,275
6383,484
6384,466
6385,543
6386,502
6387,409
6388,273
6389,647
6390,655
6391,772
6392,312
6393,580
6394,605
6395,584
6396,513
6397,523
6398,522
6399,714
6400,468
6401,560
6402,664
6403,561
6404,538
6405,457
6406,749
6407,279
6408,424
6409,384
6410,313
6411,341
6412,492
6413,299
6414,517
6415,552
6416,530
6417,612
6418,252
6419,657
6420,270
6421,338
6422,391
6423,650
6424,312
6425,614
6426,517
6427,527
6428,638
6429,634
6430,490
6431,848
6432,447
6433,689
6434,210
6435,635
6436,411
6437,362
6438,356
6439,412
6440,372
6441,535
6442,388
6443,413
6444,382
6445,474
6446,522
6447,362
6448,395
6449,395
6450,723
6451,643
6452,352
6453,523
6454,375
6455,261
6456,322
6457,658
6458,278
6459,260
6460,661
6461,920
6462,339
6463,819
6464,683
6465,683
6466,594
6467,377
6468,468
6469,645
6470,280
6471,519
6472,523
6473,556
6474,686
6475,655
6476,366
6477,474
6478,765
6479,725
6480,503
6481,473
6482,625
6483,484
6484,313
6485,692
6486,512
6487,375
6488,589
6489,357
6490,730
6491,525
6492,434
6493,887
6494,394
6495,237
6496,660
6497,427
6498,252
6499,353
6500,397
6501,300
6502,554
6503,509
6504,739
6505,637
6506,657
6507,861
6508,716
6509,599
6510,507
6511,535
6512,426
6513,591
6514,647
6515,443
6516,604
6517,372
6518,265
6519,389
6520,571
6521,493
6522,182
6523,338
6524,150
6525,688
6526,423
6527,472
6528,342
6529,259
6530,672
6531,475
6532,463
6533,487
6534,841
6535,472
6536,486
6537,592
6538,610
6539,559
6540,431
6541,427
6542,450
6543,661
6544,440
6545,501
6546,670
6547,507
6548,339
6549,784
6550,519
6551,629
6552,629
6553,453
6554,451
6555,522
6556,334
6557,566
6558,452
6559,548
6560,524
6561,318
6562,605
6563,635
6564,624
6565,741
6566,445
6567,405
6568,698
6569,651
6570,421
6571,336
6572,257
6573,613
6574,647
6575,608
6576,629
6577,468
6578,510
6579,447
6580,369
6581,725
6582,652
6583,502
6584,594
6585,679
6586,411
6587,517
6588,487
6589,558
6590,526
6591,369
6592,736
6593,507
6594,638
6595,698
6596,469
6597,320
6598,325
6599,358
6600,419
6601,412
6602,431
6603,583
6604,150
6605,747
6606,626
6607,683
6608,295
6609,390
6610,486
6611,606
6612,845
6613,675
6614,473
6615,529
6616,480
6617,697
6618,577
6619,650
6620,737
6621,523
6622,596
6623,526
6624,216
6625,567
6626,495
6627,677
6628,362
6629,742
6630,306
6631,502
6632,475
6633,447
6634,458
6635,353
6636,737
6637,409
6638,285
6639,524
6640,678
6641,436
6642,610
6643,825
6644,519
6645,491
6646,632
6647,388
6648,515
6649,469
6650,457
6651,830
6652,445
6653,408
6654,221
6655,268
6656,695
6657,406
6658,572
6659,448
6660,326
6661,419
6662,430
6663,650
6664,475
6665,531
6666,764
6667,322
6668,465
6669,677
6670,462
6671,681
6672,536
6673,629
6674,528
6675,380
6676,341
6677,381
6678,441
6679,598
6680,488
6681,661
6682,512
6683,453
6684,909
6685,393
6686,424
6687,439
6688,613
6689,315
6690,590
6691,658
6692,485
6693,639
6694,488
6695,220
6696,301
6697,641
6698,433
6699,648
6700,589
6701,370
6702,473
6703,451
6704,713
6705,478
6706,322
6707,535
6708,624
6709,588
6710,733
6711,327
6712,620
6713,731
6714,677
6715,524
6716,564
6717,784
6718,408
6719,615
6720,440
6721,444
6722,538
6723,487
6724,511
6725,467
6726,303
6727,209
6728,445
6729,455
6730,586
6731,294
6732,451
6733,326
6734,562
6735,408
6736,224
6737,607
6738,786
6739,315
6740,484
6741,280
6742,590
6743,504
6744,332
6745,473
6746,207
6747,418
6748,387
6749,423
6750,306
6751,323
6752,301
6753,714
6754,192
6755,524
6756,338
6757,420
6758,487
6759,630
6760,737
6761,579
6762,258
6763,693
6764,490
6765,605
6766,771
6767,525
6768,390
6769,384
6770,295
6771,261
6772,423
6773,697
6774,315
6775,296
6776,406
6777,394
6778,608
6779,321
6780,470
6781,597
6782,399
6783,376
6784,437
6785,438
6786,625
6787,502
6788,644
6789,585
6790,259
6791,698
6792,449
6793,265
6794,670
6795,402
6796,540
6797,447
6798,583
6799,510
6800,672
6801,400
6802,783
6803,432
6804,236
6805,347
6806,361
6807,485
6808,532
6809,722
6810,449
6811,563
6812,382
6813,492
6814,473
6815,430
6816,544
6817,507
6818,381
6819,497
6820,666
6821,203
6822,531
6823,396
6824,487
6825,591
6826,393
6827,321
6828,535
6829,400
6830,516
6831,436
6832,528
6833,573
6834,415
6835,447
6836,760
6837,477
6838,429
6839,439
6840,653
6841,391
6842,604
6843,826
6844,241
6845,571
6846,515
6847,601
6848,488
6849,285
6850,279
6851,349
6852,234
6853,426
6854,332
6855,578
6856,468
6857,668
6858,415
6859,692
6860,287
6861,439
6862,454
6863,301
6864,475
6865,426
6866,448
6867,467
6868,574
6869,275
6870,661
6871,459
6872,440
6873,679
6874,314
6875,585
6876,475
6877,297
6878,482
6879,399
6880,525
6881,514
6882,524
6883,643
6884,447
6885,549
6886,374
6887,265
6888,434
6889,364
6890,561
6891,329
6892,382
6893,496
6894,394
6895,428
6896,426
6897,513
6898,642
6899,694
6900,300
6901,573
6902,315
6903,498
6904,419
6905,359
6906,434
6907,405
6908,477
6909,267
6910,626
6911,365
6912,479
6913,188
6914,391
6915,366
6916,364
6917,294
6918,263
6919,161
6920,307
6921,307
6922,543
6923,523
6924,429
6925,341
6926,377
6927,289
6928,502
6929,233
6930,219
6931,190
6932,231
6933,269
6934,353
6935,424
6936,197
6937,310
6938,238
6939,295
6940,310
6941,193
6942,176
6943,284
6944,230
6945,252
6946,212
6947,220
6948,245
6949,229
6950,189
6951,215
6952,269
6953,198
6954,387
6955,189
6956,155
6957,152
6958,304
6959,246
6960,723
6961,344
6962,253
6963,436
6964,323
6965,294
6966,469
6967,325
6968,245
6969,274
6970,355
6971,429
6972,287
6973,335
6974,859
6975,677
6976,545
6977,384
6978,506
6979,501
6980,648
6981,760
6982,374
6983,417
6984,641
6985,558
6986,386
6987,652
6988,470
6989,528
6990,535
6991,412
6992,735
6993,806
6994,396
6995,478
6996,516
6997,368
6998,466
6999,324
7000,363
7001,358
7002,356
7003,724
7004,398
7005,476
7006,547
7007,694
7008,464
7009,387
7010,477
7011,284
7012,405
7013,490
7014,463
7015,370
7016,388
7017,246
7018,267
7019,334
7020,682
7021,556
7022,289
7023,481
7024,210
7025,350
7026,467
7027,439
7028,436
7029,248
7030,345
7031,502
7032,462
7033,437
7034,259
7035,555
7036,500
7037,322
7038,343
7039,229
7040,302
7041,426
7042,254
7043,465
7044,433
7045,423
7046,304
7047,425
7048,313
7049,213
7050,237
7051,606
7052,525
7053,476
7054,297
7055,406
7056,383
7057,446
7058,357
7059,321
7060,267
7061,308
7062,260
7063,622
7064,476
7065,338
7066,551
7067,554
7068,327
7069,112
7070,342
7071,643
7072,714
7073,600
7074,361
7075,564
7076,711
7077,249
7078,404
7079,662
7080,723
7081,502
7082,227
7083,344
7084,440
7085,698
7086,719
7087,479
7088,502
7089,670
7090,404
7091,363
7092,496
7093,154
7094,562
7095,577
7096,468
7097,464
7098,295
7099,352
7100,554
7101,575
7102,498
7103,312
7104,806
7105,313
