1,142
2,87
3,44
4,43
5,49
6,56
7,49
8,76
9,79
10,55
11,68
12,70
13,81
14,107
15,104
16,345
17,103
18,101
19,130
20,114
21,108
22,98
23,142
24,111
25,116
26,141
27,112
28,114
29,143
30,123
31,133
32,146
33,152
34,168
35,155
36,163
37,160
38,153
39,161
40,150
41,163
42,1368
43,167
44,165
45,167
46,172
47,184
48,186
49,186
50,143
51,189
52,181
53,188
54,188
55,192
56,231
57,197
58,213
59,178
60,218
61,231
62,247
63,230
64,247
65,222
66,217
67,235
68,256
69,251
70,264
71,230
72,257
73,246
74,250
75,254
76,267
77,252
78,276
79,273
80,232
81,254
82,242
83,267
84,273
85,300
86,284
87,323
88,293
89,281
90,292
91,317
92,273
93,333
94,306
95,297
96,305
97,314
98,333
99,291
100,313
101,345
102,318
103,332
104,322
105,313
106,373
107,338
108,288
109,332
110,328
111,347
112,355
113,367
114,349
115,332
116,385
117,376
118,393
119,383
120,372
121,400
122,379
123,407
124,450
125,406
126,406
127,446
128,475
129,458
130,467
131,417
132,425
133,475
134,469
135,438
136,466
137,442
138,470
139,472
140,506
141,499
142,489
143,523
144,487
145,524
146,503
147,528
148,549
149,604
150,424
151,486
152,500
153,518
154,524
155,544
156,565
157,531
158,580
159,582
160,576
161,639
162,591
163,604
164,653
165,663
166,633
167,614
168,652
169,647
170,672
171,686
172,686
173,650
174,651
175,673
176,738
177,720
178,661
179,694
180,675
181,714
182,743
183,769
184,721
185,755
186,10660
187,773
188,771
189,792
190,746
191,942
192,838
193,771
194,736
195,827
196,803
197,785
198,809
199,860
200,949
201,816
202,826
203,910
204,828
205,841
206,854
207,844
208,914
209,884
210,880
211,876
212,851
213,891
214,866
215,937
216,871
217,910
218,937
219,971
220,1054
221,921
222,925
223,981
224,918
225,927
226,948
227,1003
228,922
229,997
230,983
231,963
232,967
233,1019
234,948
235,959
236,980
237,1032
238,980
239,1031
240,1023
241,1037
242,1038
243,1071
244,1013
245,1081
246,1031
247,1089
248,1075
249,1029
250,1050
251,1114
252,1144
253,1239
254,1184
255,1179
256,1128
257,1150
258,1122
259,1163
260,1190
261,1097
262,1154
263,1131
264,1114
265,1134
266,1522
267,1172
268,1201
269,1239
270,1214
271,1184
272,1181
273,1242
274,1246
275,1136
276,1348
277,1191
278,1195
279,1193
280,1294
281,1244
282,1198
283,1291
284,1249
285,1258
286,1308
287,1247
288,1276
289,1292
290,1218
291,1327
292,1265
293,1274
294,1337
295,1327
296,1541
297,1615
298,1233
299,1367
300,1314
301,1515
302,1379
303,1388
304,1611
305,1394
306,1380
307,1464
308,1401
309,1383
310,1446
311,1402
312,1391
313,1549
314,1469
315,1593
316,1632
317,1407
318,1413
319,1394
320,1479
321,1411
322,1408
323,1455
324,1454
325,1603
326,1492
327,1858
328,1431
329,1687
330,1559
331,1481
332,1668
333,1462
334,1496
335,1384
336,1532
337,1512
338,1562
339,1605
340,1529
341,1496
342,1598
343,1411
344,1524
345,1632
346,1607
347,1571
348,1466
349,1443
350,1794
351,1610
352,1517
353,1551
354,1631
355,1690
356,1649
357,1528
358,1678
359,1706
360,1714
361,1581
362,1555
363,1527
364,1630
365,1746
366,1504
367,1656
368,1725
369,1521
370,1570
371,1660
372,1837
373,1633
374,1704
375,1773
376,1977
377,1744
378,1777
379,1740
380,1742
381,1719
382,1729
383,1779
384,2180
385,1781
386,1833
387,1779
388,1799
389,1804
390,1770
391,1844
392,1845
393,1769
394,1778
395,1816
396,2028
397,1799
398,1874
399,1797
400,1719
401,1869
402,1882
403,1857
404,1873
405,1868
406,1793
407,1949
408,1862
409,2165
410,1739
411,1922
412,1976
413,1944
414,1904
415,1740
416,1749
417,1922
418,1901
419,1802
420,1930
421,1964
422,1981
423,1926
424,1794
425,1941
426,1886
427,1756
428,1989
429,2033
430,1951
431,1942
432,2009
433,1985
434,1948
435,2028
436,1907
437,1805
438,1976
439,2001
440,2005
441,2111
442,2037
443,1924
444,2083
445,1953
446,2087
447,2084
448,2084
449,1989
450,2122
451,1998
452,1901
453,1991
454,1989
455,1959
456,2107
457,1990
458,2236
459,2092
460,2195
461,2182
462,2145
463,2093
464,2153
465,2237
466,2126
467,2288
468,2103
469,2212
470,2178
471,2156
472,2103
473,2117
474,2254
475,2008
476,2176
477,2002
478,2210
479,2459
480,2277
481,2017
482,2195
483,2349
484,2364
485,2149
486,2317
487,2220
488,2203
489,2282
490,2200
491,2434
492,2195
493,2332
494,2273
495,2390
496,2420
497,2426
498,2355
499,2302
500,2389
501,2313
502,2342
503,2370
504,2405
505,2152
506,2260
507,2413
508,2424
509,2465
510,2276
511,2262
512,2464
513,2436
514,2198
515,2206
516,2481
517,2444
518,2245
519,2380
520,2219
521,2425
522,2452
523,2509
524,2422
525,2275
526,2454
527,2273
528,2483
529,2692
530,2502
531,2554
532,2577
533,2536
534,2536
535,2428
536,2472
537,2445
538,2611
539,2591
540,2518
541,2434
542,2606
543,2564
544,2271
545,2443
546,2525
547,2602
548,2588
549,2604
550,2584
551,2724
552,2620
553,2513
554,2576
555,2936
556,2508
557,2608
558,2649
559,2615
560,2457
561,2622
562,2599
563,2514
564,2531
565,2559
566,2706
567,2778
568,2440
569,2582
570,2519
571,2611
572,3095
573,2863
574,3100
575,2653
576,2869
577,2759
578,2836
579,2728
580,2887
581,2718
582,2665
583,2865
584,2824
585,2939
586,2829
587,2912
588,2810
589,3187
590,2906
591,3005
592,2951
593,2803
594,2815
595,2890
596,2908
597,2804
598,2867
599,2882
600,2784
601,2804
602,2889
603,2915
604,2971
605,2987
606,2840
607,2822
608,2385
609,2990
610,2849
611,2473
612,2905
613,2818
614,3581
615,2954
616,2954
617,2935
618,2834
619,2876
620,3053
621,2916
622,2957
623,3038
624,2538
625,2908
626,2973
627,3277
628,3112
629,3057
630,3088
631,3082
632,2947
633,3120
634,2990
635,3067
636,3026
637,3250
638,3045
639,3010
640,3381
641,2712
642,3022
643,2647
644,3153
645,3024
646,2958
647,3180
648,3124
649,3309
650,3147
651,3022
652,2755
653,3282
654,3134
655,3128
656,3147
657,3091
658,3259
659,3153
660,3187
661,3230
662,3147
663,3226
664,3150
665,3392
666,3162
667,3077
668,3378
669,3207
670,3192
671,3206
672,3637
673,3224
674,3198
675,3232
676,3285
677,3413
678,3292
679,3308
680,3263
681,3274
682,3461
683,3133
684,3321
685,3225
686,3112
687,3368
688,2941
689,3467
690,2886
691,3157
692,4080
693,3396
694,3430
695,3309
696,3395
697,3202
698,3350
699,3412
700,3291
701,4059
702,3339
703,3217
704,3481
705,3263
706,3246
707,3444
708,3085
709,3426
710,3434
711,3372
712,3658
713,3758
714,3557
715,2937
716,3389
717,3395
718,3432
719,3560
720,3607
721,3344
722,3838
723,3453
724,3828
725,3300
726,3396
727,3336
728,3231
729,3683
730,3784
731,3384
732,3309
733,3312
734,3547
735,3557
736,3676
737,3826
738,3592
739,3634
740,3577
741,3624
742,3759
743,3678
744,3487
745,3710
746,3871
747,4012
748,3605
749,3219
750,3731
751,3645
752,4021
753,3652
754,3594
755,3817
756,3492
757,3562
758,3270
759,3770
760,3079
761,3228
762,3567
763,3911
764,3764
765,3671
766,3548
767,3838
768,3843
769,3460
770,3893
771,3821
772,3678
773,3586
774,3635
775,4108
776,3738
777,3785
778,4190
779,4075
780,3977
781,3733
782,3833
783,3653
784,3949
785,3794
786,3944
787,3768
788,3884
789,3703
790,4027
791,3809
792,3906
793,3855
794,4040
795,3907
796,3840
797,3943
798,3926
799,3656
800,4076
801,3632
802,3947
803,3957
804,3940
805,4056
806,4027
807,3979
808,3826
809,3910
810,3939
811,3880
812,3855
813,4564
814,4041
815,3772
816,4229
817,4136
818,3918
819,4200
820,3553
821,4317
822,3862
823,4022
824,3912
825,4086
826,4223
827,4131
828,3875
829,3505
830,4272
831,4082
832,4251
833,4125
834,4000
835,3761
836,4211
837,4269
838,4051
839,4274
840,4305
841,4218
842,4237
843,4037
844,4236
845,3556
846,4817
847,4383
848,4464
849,4498
850,4317
851,4214
852,4421
853,4394
854,4473
855,4286
856,3695
857,3697
858,4177
859,4354
860,4180
861,4320
862,4375
863,4594
864,4189
865,4572
866,4292
867,4490
868,4602
869,4359
870,4131
871,4234
872,4233
873,4523
874,4531
875,4363
876,4366
877,4279
878,4547
879,4130
880,4285
881,4638
882,3736
883,4523
884,3805
885,4458
886,4291
887,3858
888,4314
889,4606
890,3758
891,4484
892,4226
893,4143
894,4453
895,4680
896,4736
897,4411
898,3869
899,4132
900,4549
901,4414
902,4469
903,3970
904,4364
905,4743
906,4426
907,4371
908,4509
909,4880
910,4525
911,4444
912,4654
913,4557
914,4822
915,4536
916,4643
917,4242
918,4618
919,4848
920,4697
921,4598
922,4778
923,4856
924,4711
925,4995
926,4214
927,4774
928,3997
929,4886
930,4801
931,4332
932,4657
933,4201
934,4938
935,4527
936,4962
937,5053
938,5015
939,4616
940,5038
941,4846
942,4851
943,4839
944,5247
945,4996
946,4858
947,5117
948,4757
949,4535
950,5325
951,5121
952,4665
953,5135
954,4606
955,5167
956,5077
957,4916
958,5229
959,4764
960,4956
961,5327
962,5368
963,5326
964,7685
965,5769
966,5303
967,4795
968,5297
969,5102
970,5118
971,5296
972,5343
973,5191
974,5104
975,5437
976,5104
977,5242
978,5202
979,4781
980,4683
981,5346
982,5394
983,5328
984,4778
985,5341
986,5424
987,5661
988,5678
989,5354
990,5204
991,5316
992,5322
993,5406
994,5244
995,5452
996,5466
997,5316
998,5359
999,5318
1000,5646
1001,4812
1002,5520
1003,5301
1004,5484
1005,5270
1006,5887
1007,5337
1008,4842
1009,5577
1010,5876
1011,5593
1012,5772
1013,5517
1014,5426
1015,5448
1016,5623
1017,5274
1018,5592
1019,5192
1020,5975
1021,5607
1022,5315
1023,6327
1024,5646
1025,5911
1026,6233
1027,5712
1028,5957
1029,5838
1030,5715
1031,5574
1032,6052
1033,5643
1034,5975
1035,6030
1036,5658
1037,5846
1038,5871
1039,5864
1040,5878
1041,6018
1042,6118
1043,5304
1044,6000
1045,6239
1046,6038
1047,6571
1048,6281
1049,5881
1050,5832
1051,6136
1052,6205
1053,6056
1054,5616
1055,6018
1056,6247
1057,6177
1058,6327
1059,5755
1060,6041
1061,6003
1062,6041
1063,6274
1064,6374
1065,6183
1066,5525
1067,6291
1068,6038
1069,6113
1070,6192
1071,6197
1072,6221
1073,6017
1074,6280
1075,6191
1076,6131
1077,6278
1078,6078
1079,6058
1080,6098
1081,6853
1082,6173
1083,5570
1084,6740
1085,6720
1086,6159
1087,6824
1088,6556
1089,6339
1090,6029
1091,7229
1092,6243
1093,6505
1094,6185
1095,6701
1096,7128
1097,6559
1098,6476
1099,7081
1100,6672
1101,7140
1102,6734
1103,6956
1104,6840
1105,5962
1106,6552
1107,6868
1108,6771
1109,6037
1110,6534
1111,6795
1112,6173
1113,6717
1114,6316
1115,6962
1116,6682
1117,7012
1118,6949
1119,6799
1120,6698
1121,6846
1122,7038
1123,6753
1124,6861
1125,6844
1126,6952
1127,6934
1128,6743
1129,7106
1130,6904
1131,6832
1132,6811
1133,7081
1134,6944
1135,6623
1136,6142
1137,6822
1138,7025
1139,7032
1140,6347
1141,7842
1142,7154
1143,6969
1144,6925
1145,6771
1146,7408
1147,7449
1148,7466
1149,7176
1150,7200
1151,7231
1152,7007
1153,7341
1154,7157
1155,6836
1156,7046
1157,7019
1158,7269
1159,7404
1160,7404
1161,7252
1162,7206
1163,7397
1164,7344
1165,7369
1166,6695
1167,7356
1168,7111
1169,7535
1170,7117
1171,7152
1172,7531
1173,7552
1174,7299
1175,7473
1176,7359
1177,7475
1178,7526
1179,7441
1180,7460
1181,7575
1182,6827
1183,7287
1184,7090
1185,7593
1186,7544
1187,7565
1188,7527
1189,7256
1190,7182
1191,7604
1192,6960
1193,7585
1194,7029
1195,7912
1196,7839
1197,7868
1198,6880
1199,7548
1200,7016
1201,7247
1202,7906
1203,7710
1204,7397
1205,8016
1206,7177
1207,8004
1208,7745
1209,7671
1210,7562
1211,7713
1212,8047
1213,7312
1214,7701
1215,7640
1216,8040
1217,8037
1218,7971
1219,7747
1220,7953
1221,7913
1222,8055
1223,8025
1224,7984
1225,8136
1226,7777
1227,7526
1228,8324
1229,7932
1230,7901
1231,7946
1232,8033
1233,7986
1234,8027
1235,7307
1236,8139
1237,8145
1238,7919
1239,7953
1240,7494
1241,7516
1242,8712
1243,7946
1244,8256
1245,8202
1246,7482
1247,7590
1248,8047
1249,8405
1250,8329
1251,8289
1252,8312
1253,8579
1254,7768
1255,8389
1256,8280
1257,8563
1258,8445
1259,8410
1260,8237
1261,8533
1262,8754
1263,8431
1264,8271
1265,7759
1266,8357
1267,8637
1268,8214
1269,8490
1270,8769
1271,7855
1272,8698
1273,8648
1274,8225
1275,7895
1276,9388
1277,8679
1278,9086
1279,8683
1280,8665
1281,8306
1282,8942
1283,9085
1284,8866
1285,8916
1286,8830
1287,8373
1288,8983
1289,8642
1290,8523
1291,8812
1292,9044
1293,8766
1294,8005
1295,8843
1296,9174
1297,8851
1298,9113
1299,9309
1300,8693
1301,8653
1302,8244
1303,8594
1304,8988
1305,8693
1306,8979
1307,9074
1308,9191
1309,9066
1310,8888
1311,9128
1312,9114
1313,8190
1314,9349
1315,9310
1316,8875
1317,9026
1318,8875
1319,9491
1320,9402
1321,9335
1322,9029
1323,8717
1324,9362
1325,8978
1326,9006
1327,8731
1328,8606
1329,9248
1330,8983
1331,9315
1332,9324
1333,9232
1334,9095
1335,9424
1336,9227
1337,9652
1338,8992
1339,9127
1340,9369
1341,9221
1342,9321
1343,9478
1344,9375
1345,8860
1346,8442
1347,9622
1348,9837
1349,9852
1350,9187
1351,9151
1352,9691
1353,9535
1354,9527
1355,8905
1356,8726
1357,9737
1358,9439
1359,8735
1360,8584
1361,8540
1362,9483
1363,9611
1364,9814
1365,8788
1366,9515
1367,9487
1368,9729
1369,9473
1370,9524
1371,9385
1372,9773
1373,9740
1374,8563
1375,9480
1376,9447
1377,9295
1378,9794
1379,9571
1380,9992
1381,10099
1382,9705
1383,9831
1384,9536
1385,10363
1386,9899
1387,9298
1388,9439
1389,9968
1390,9443
1391,9944
1392,9954
1393,9742
1394,9476
1395,9430
1396,9594
1397,9700
1398,8912
1399,9694
1400,9910
1401,8973
1402,9619
1403,9538
1404,9070
1405,9609
1406,10040
1407,10138
1408,9607
1409,8927
1410,9847
1411,10271
1412,10111
1413,9841
1414,9696
1415,10021
1416,10366
1417,9868
1418,10333
1419,10736
1420,10154
1421,9856
1422,10003
1423,10366
1424,10153
1425,10737
1426,10249
1427,9849
1428,10353
1429,9218
1430,9877
1431,10294
1432,10475
1433,10190
1434,10148
1435,10113
1436,10068
1437,10299
1438,9947
1439,9853
1440,10863
1441,9801
1442,12352
1443,10544
1444,10501
1445,9806
1446,10324
1447,10223
1448,10348
1449,10903
1450,10335
1451,9597
1452,10472
1453,9641
1454,10453
1455,10289
1456,10504
1457,10184
1458,10444
1459,10096
1460,10419
1461,10410
1462,10165
1463,10602
1464,11151
1465,10229
1466,9777
1467,10985
1468,10622
1469,11320
1470,10681
1471,10752
1472,11475
1473,10760
1474,10784
1475,10330
1476,10731
1477,10618
1478,10910
1479,10835
1480,10747
1481,10595
1482,10483
1483,10729
1484,11002
1485,10783
1486,10057
1487,10713
1488,10961
1489,11676
1490,10035
1491,10987
1492,10884
1493,10991
1494,10742
1495,11223
1496,10923
1497,10811
1498,11069
1499,11380
1500,11222
1501,9943
1502,10171
1503,10816
1504,10064
1505,10623
1506,11098
1507,11307
1508,11313
1509,11157
1510,11268
1511,10263
1512,10222
1513,11136
1514,11316
1515,10129
1516,10805
1517,10786
1518,11586
1519,11444
1520,11543
1521,11261
1522,10522
1523,11086
1524,11365
1525,11201
1526,10372
1527,10774
1528,11405
1529,11168
1530,10950
1531,11482
1532,10664
1533,11772
1534,11365
1535,11136
1536,10853
1537,11049
1538,11303
1539,11651
1540,11220
1541,11303
1542,11564
1543,11315
1544,11210
1545,11220
1546,10534
1547,11428
1548,11288
1549,11343
1550,11144
1551,11237
1552,10649
1553,11395
1554,11100
1555,11568
1556,11624
1557,10823
1558,10604
1559,11318
1560,11427
1561,11249
1562,11417
1563,11592
1564,11313
1565,11757
1566,11779
1567,12051
1568,11608
1569,11578
1570,11867
1571,11465
1572,11397
1573,11712
1574,11618
1575,11634
1576,11598
1577,10889
1578,11436
1579,11584
1580,11536
1581,11764
1582,11622
1583,11384
1584,11537
1585,12059
1586,11489
1587,11872
1588,11609
1589,11407
1590,11755
1591,11570
1592,11704
1593,12122
1594,11766
1595,11625
1596,12025
1597,12765
1598,11726
1599,11999
1600,12050
1601,11704
1602,12038
1603,11916
1604,11231
1605,11859
1606,12873
1607,11264
1608,11764
1609,11694
1610,11659
1611,11881
1612,11532
1613,11513
1614,11540
1615,11481
1616,11012
1617,11484
1618,12132
1619,11980
1620,11750
1621,12035
1622,12061
1623,11937
1624,11434
1625,11132
1626,12254
1627,12457
1628,11929
1629,11222
1630,12460
1631,12014
1632,12377
1633,12284
1634,12132
1635,12198
1636,12169
1637,12036
1638,12142
1639,12521
1640,11670
1641,11547
1642,11637
1643,12384
1644,12562
1645,12240
1646,12279
1647,12015
1648,11258
1649,11261
1650,11918
1651,11849
1652,12182
1653,12261
1654,12241
1655,12346
1656,12408
1657,11421
1658,12411
1659,12339
1660,12067
1661,12160
1662,12714
1663,12428
1664,12251
1665,11290
1666,12345
1667,12757
1668,11730
1669,12131
1670,11898
1671,12755
1672,12307
1673,12102
1674,12712
1675,12590
1676,12673
1677,12808
1678,12983
1679,12675
1680,11625
1681,12505
1682,13093
1683,12851
1684,12358
1685,12908
1686,12586
1687,12652
1688,12566
1689,12354
1690,12477
1691,12395
1692,12361
1693,12655
1694,12303
1695,12406
1696,12212
1697,12806
1698,12548
1699,12304
1700,12604
1701,12493
1702,12851
1703,12402
1704,12677
1705,12822
1706,12871
1707,12927
1708,13301
1709,12646
1710,11870
1711,12631
1712,12451
1713,12880
1714,12717
1715,13094
1716,12376
1717,13090
1718,12209
1719,12880
1720,12928
1721,12716
1722,12963
1723,13444
1724,12177
1725,13038
1726,12886
1727,12548
1728,12683
1729,12738
1730,13175
1731,12723
1732,13553
1733,12638
1734,13504
1735,13354
1736,12809
1737,12565
1738,12342
1739,13277
1740,12210
1741,12593
1742,12832
1743,12818
1744,13033
1745,12617
1746,13147
1747,12917
1748,13100
1749,13020
1750,12887
1751,12897
1752,12071
1753,12691
1754,13207
1755,13193
1756,12980
1757,12852
1758,12373
1759,13637
1760,12223
1761,13119
1762,12871
1763,12182
1764,13072
1765,12920
1766,12977
1767,12853
1768,13981
1769,13605
1770,13231
1771,13457
1772,12956
1773,13004
1774,13435
1775,13236
1776,13083
1777,12911
1778,12495
1779,13288
1780,12932
1781,13389
1782,13092
1783,13058
1784,13245
1785,13059
1786,13778
1787,12193
1788,13400
1789,13437
1790,13106
1791,12616
1792,13373
1793,13193
1794,13621
1795,13466
1796,12864
1797,13173
1798,13159
1799,13153
1800,13148
1801,13283
1802,12355
1803,12934
1804,13019
1805,13127
1806,13489
1807,13066
1808,13316
1809,13434
1810,13359
1811,13509
1812,12445
1813,12488
1814,13372
1815,13067
1816,13884
1817,12945
1818,13704
1819,13695
1820,13814
1821,13655
1822,13967
1823,13385
1824,12450
1825,13515
1826,13230
1827,13840
1828,13223
1829,13539
1830,13158
1831,13389
1832,14124
1833,13704
1834,13606
1835,13396
1836,13973
1837,14195
1838,13129
1839,13483
1840,12577
1841,13427
1842,13589
1843,13870
1844,13234
1845,13425
1846,14080
1847,13666
1848,13912
1849,13712
1850,13539
1851,13936
1852,13430
1853,14450
1854,14425
1855,13687
1856,13826
1857,14242
1858,13865
1859,14042
1860,14119
1861,14188
1862,14166
1863,14286
1864,13936
1865,13856
1866,13789
1867,13220
1868,13830
1869,13604
1870,13496
1871,14500
1872,13114
1873,14068
1874,13808
1875,13570
1876,14217
1877,13761
1878,13522
1879,13989
1880,14404
1881,13415
1882,13118
1883,13604
1884,12890
1885,13647
1886,13951
1887,13275
1888,14004
1889,14589
1890,14366
1891,14368
1892,13707
1893,13886
1894,14521
1895,13809
1896,15439
1897,14529
1898,14262
1899,14219
1900,14167
1901,14253
1902,14274
1903,14434
1904,14598
1905,14000
1906,13965
1907,13926
1908,14146
1909,13499
1910,14430
1911,14024
1912,14780
1913,13116
1914,14036
1915,13234
1916,14301
1917,14213
1918,13898
1919,13788
1920,14095
1921,13672
1922,14645
1923,14053
1924,14253
1925,14335
1926,14162
1927,13860
1928,14767
1929,14362
1930,14123
1931,14345
1932,14759
1933,14956
1934,14625
1935,14861
1936,14019
1937,14884
1938,14634
1939,14874
1940,14714
1941,14919
1942,14558
1943,14421
1944,13410
1945,14619
1946,13806
1947,14114
1948,14588
1949,14881
1950,14630
1951,14457
1952,14815
1953,14387
1954,13774
1955,13515
1956,14084
1957,13729
1958,14685
1959,14917
1960,14450
1961,14508
1962,14463
1963,14794
1964,13566
1965,14790
1966,15335
1967,14924
1968,14607
1969,14715
1970,13783
1971,14613
1972,14685
1973,13515
1974,14685
1975,14748
1976,14630
1977,14077
1978,13668
1979,14786
1980,14891
1981,14543
1982,14982
1983,13434
1984,14871
1985,14902
1986,14777
1987,14609
1988,13889
1989,14604
1990,14872
1991,14535
1992,15276
1993,13798
1994,14979
1995,15449
1996,14958
1997,14733
1998,14837
1999,14823
2000,14872
2001,14620
2002,15387
2003,14347
2004,14908
2005,14074
2006,14068
2007,14786
2008,15836
2009,15302
2010,14775
2011,14739
2012,15664
2013,15506
2014,13978
2015,14563
2016,14190
2017,15388
2018,15381
2019,15187
2020,15014
2021,15297
2022,15308
2023,15870
2024,15234
2025,15263
2026,15362
2027,15085
2028,15343
2029,15067
2030,14889
2031,15130
2032,15361
2033,15402
2034,14892
2035,15472
2036,15330
2037,15141
2038,15450
2039,14762
2040,14413
2041,14845
2042,15192
2043,15591
2044,15222
2045,14829
2046,15251
2047,15793
2048,15612
2049,14898
2050,16114
2051,14541
2052,15033
2053,14896
2054,15930
2055,15256
2056,15405
2057,15900
2058,15984
2059,15297
2060,15004
2061,15307
2062,16872
2063,15790
2064,15311
2065,14648
2066,15554
2067,15517
2068,15003
2069,16079
2070,15366
2071,15602
2072,16031
2073,15501
2074,14996
2075,16007
2076,15685
2077,15159
2078,15578
2079,15596
2080,15500
2081,15377
2082,15671
2083,16079
2084,14874
2085,15596
2086,15758
2087,15592
2088,15499
2089,15239
2090,15228
2091,15476
2092,15518
2093,16022
2094,14364
2095,15302
2096,15750
2097,15588
2098,15504
2099,15406
2100,15984
2101,16555
2102,16098
2103,16221
2104,15600
2105,16066
2106,17261
2107,15389
2108,15563
2109,15533
2110,14706
2111,14999
2112,16107
2113,15437
2114,16232
2115,16187
2116,15157
2117,16325
2118,15367
2119,15975
2120,15852
2121,15844
2122,16030
2123,16566
2124,16184
2125,16354
2126,15859
2127,15980
2128,15817
2129,16035
2130,16040
2131,16269
2132,15525
2133,16277
2134,16090
2135,15772
2136,15893
2137,16188
2138,16292
2139,15635
2140,16040
2141,16624
2142,16207
2143,16338
2144,14583
2145,15551
2146,15760
2147,15221
2148,16309
2149,14984
2150,16175
2151,15949
2152,16940
2153,15932
2154,16170
2155,15806
2156,16391
2157,15360
2158,16217
2159,16730
2160,16935
2161,16719
2162,15748
2163,16226
2164,16400
2165,16630
2166,15471
2167,14963
2168,15711
2169,15584
2170,16230
2171,16087
2172,14956
2173,16517
2174,15986
2175,16085
2176,15083
2177,16734
2178,16867
2179,15348
2180,16451
2181,16241
2182,16211
2183,15987
2184,16477
2185,16243
2186,15877
2187,16273
2188,16090
2189,16363
2190,16780
2191,16204
2192,16690
2193,16312
2194,17003
2195,16142
2196,16247
2197,15359
2198,16852
2199,15945
2200,16701
2201,17057
2202,16030
2203,16577
2204,15506
2205,16267
2206,16715
2207,16852
2208,15362
2209,16735
2210,15448
2211,17021
2212,16736
2213,17130
2214,16298
2215,17611
2216,16338
2217,16062
2218,16838
2219,16033
2220,16386
2221,17024
2222,16192
2223,16434
2224,16884
2225,16605
2226,16051
2227,16631
2228,16404
2229,16955
2230,16955
2231,16686
2232,15757
2233,16205
2234,16773
2235,16256
2236,17106
2237,16846
2238,16135
2239,16742
2240,15500
2241,16488
2242,16964
2243,16495
2244,15545
2245,15838
2246,16880
2247,17807
2248,15957
2249,16904
2250,16831
2251,16714
2252,15921
2253,15749
2254,17409
2255,17268
2256,16869
2257,17332
2258,16727
2259,17024
2260,16850
2261,16945
2262,16003
2263,16839
2264,16635
2265,17225
2266,17726
2267,16330
2268,17117
2269,17223
2270,16919
2271,16598
2272,17176
2273,17335
2274,17065
2275,16467
2276,17058
2277,17454
2278,16927
2279,17376
2280,17073
2281,16577
2282,17292
2283,17007
2284,17025
2285,17077
2286,17066
2287,16230
2288,17066
2289,17165
2290,16991
2291,15803
2292,16639
2293,17358
2294,15910
2295,16668
2296,17272
2297,16900
2298,17051
2299,16638
2300,17902
2301,17710
2302,17151
2303,17500
2304,16417
2305,16980
2306,17066
2307,17513
2308,17874
2309,16352
2310,17645
2311,16816
2312,17308
2313,16784
2314,17730
2315,17443
2316,16791
2317,17745
2318,16717
2319,17685
2320,17439
2321,17751
2322,16995
2323,17152
2324,17012
2325,16758
2326,16630
2327,17064
2328,17918
2329,16795
2330,17424
2331,16669
2332,16886
2333,17389
2334,17006
2335,16883
2336,17048
2337,17066
2338,17501
2339,17974
2340,17141
2341,16459
2342,18027
2343,17486
2344,17717
2345,18120
2346,17814
2347,17359
2348,17695
2349,17759
2350,17640
2351,17248
2352,17790
2353,17223
2354,17336
2355,16403
2356,16275
2357,17877
2358,17684
2359,18234
2360,17521
2361,17447
2362,17581
2363,17468
2364,17382
2365,18288
2366,18458
2367,18157
2368,17844
2369,17589
2370,17982
2371,17611
2372,18296
2373,17632
2374,18107
2375,17778
2376,16800
2377,17252
2378,17940
2379,18365
2380,18576
2381,18380
2382,17940
2383,17722
2384,18606
2385,17427
2386,18347
2387,17026
2388,18437
2389,18055
2390,17708
2391,18221
2392,17835
2393,18443
2394,16542
2395,18024
2396,17661
2397,17233
2398,16171
2399,16879
2400,18305
2401,17895
2402,18525
2403,18168
2404,16674
2405,16195
2406,18133
2407,18225
2408,18151
2409,18265
2410,18448
2411,18052
2412,17559
2413,17431
2414,18265
2415,17616
2416,18119
2417,18483
2418,18335
2419,18195
2420,18134
2421,17838
2422,18132
2423,17595
2424,16498
2425,18090
2426,18679
2427,17641
2428,17651
2429,16613
2430,16763
2431,16932
2432,17708
2433,19065
2434,18624
2435,17847
2436,18197
2437,18344
2438,18654
2439,17460
2440,16794
2441,18232
2442,18209
2443,19082
2444,19973
2445,17265
2446,18221
2447,18055
2448,18605
2449,17747
2450,18302
2451,17809
2452,18353
2453,18062
2454,19148
2455,16588
2456,18500
2457,17291
2458,17264
2459,18859
2460,18320
2461,17374
2462,18448
2463,17784
2464,19085
2465,18546
2466,18849
2467,18748
2468,18266
2469,17889
2470,18827
2471,18362
2472,18582
2473,18908
2474,18401
2475,18710
2476,18721
2477,21339
2478,18724
2479,18767
2480,18576
2481,18647
2482,19106
2483,18396
2484,17840
2485,19357
2486,17642
2487,18493
2488,19040
2489,18489
2490,18689
2491,17932
2492,18571
2493,18402
2494,17595
2495,17590
2496,19301
2497,17986
2498,17629
2499,17188
2500,19009
2501,19322
2502,19226
2503,18366
2504,18302
2505,18919
2506,18043
2507,19071
2508,18617
2509,19175
2510,19125
2511,18746
2512,19447
2513,18965
2514,18781
2515,18968
2516,19007
2517,18720
2518,18569
2519,19231
2520,18946
2521,19694
2522,18301
2523,18381
2524,19214
2525,19374
2526,18465
2527,18920
2528,18842
2529,18068
2530,19161
2531,19200
2532,17397
2533,18192
2534,17991
2535,19553
2536,18874
2537,19515
2538,17458
2539,19030
2540,18599
2541,19174
2542,17996
2543,18864
2544,19723
2545,19142
2546,18889
2547,18106
2548,18728
2549,18628
2550,19666
2551,19155
2552,19439
2553,20431
2554,18859
2555,19402
2556,19653
2557,19833
2558,19490
2559,19093
2560,19120
2561,19416
2562,19585
2563,18502
2564,19400
2565,19411
2566,19254
2567,18780
2568,19725
2569,19752
2570,19308
2571,19481
2572,19871
2573,18709
2574,19108
2575,18774
2576,19451
2577,19879
2578,19918
2579,17788
2580,19207
2581,18172
2582,19029
2583,17887
2584,20227
2585,19663
2586,19340
2587,19373
2588,19752
2589,19348
2590,19922
2591,19367
2592,19759
2593,19523
2594,19685
2595,17977
2596,18021
2597,19065
2598,18750
2599,19874
2600,18592
2601,19697
2602,19440
2603,19582
2604,19379
2605,19167
2606,19889
2607,19835
2608,19523
2609,19830
2610,17854
2611,19674
2612,19769
2613,18292
2614,19898
2615,18853
2616,19386
2617,18654
2618,19248
2619,19279
2620,19422
2621,18755
2622,19061
2623,20323
2624,18126
2625,18301
2626,18697
2627,19920
2628,18545
2629,19716
2630,20258
2631,18590
2632,19304
2633,19630
2634,19833
2635,18398
2636,19683
2637,18956
2638,20299
2639,19727
2640,18368
2641,19793
2642,19498
2643,19493
2644,18476
2645,20517
2646,18536
2647,18874
2648,20287
2649,19944
2650,18627
2651,19368
2652,19894
2653,20412
2654,20269
2655,19630
2656,18358
2657,18519
2658,19722
2659,20666
2660,20276
2661,20276
2662,19928
2663,19597
2664,19721
2665,19878
2666,19661
2667,18267
2668,19869
2669,19556
2670,20547
2671,20693
2672,18117
2673,19108
2674,20412
2675,19538
2676,20140
2677,19926
2678,20003
2679,19026
2680,20215
2681,19167
2682,20307
2683,18605
2684,20157
2685,19860
2686,22630
2687,19237
2688,18628
2689,19433
2690,21222
2691,20475
2692,21429
2693,20380
2694,20582
2695,20370
2696,20399
2697,21119
2698,21017
2699,20465
2700,20482
2701,19278
2702,20815
2703,20658
2704,21319
2705,19573
2706,24722
2707,20619
2708,21474
2709,20399
2710,20413
2711,20411
2712,21014
2713,21056
2714,20086
2715,20592
2716,20597
2717,18863
2718,21083
2719,18920
2720,20960
2721,20661
2722,21179
2723,20585
2724,18927
2725,20770
2726,20553
2727,17760
2728,21077
2729,21526
2730,20491
2731,20681
2732,18587
2733,20810
2734,19389
2735,19036
2736,20797
2737,19005
2738,20336
2739,19484
2740,21207
2741,18976
2742,20646
2743,21687
2744,20825
2745,21046
2746,21355
2747,21257
2748,20498
2749,20048
2750,20884
2751,20359
2752,19127
2753,21024
2754,21491
2755,21269
2756,20985
2757,19137
2758,21316
2759,20073
2760,21009
2761,20360
2762,20800
2763,21143
2764,20824
2765,21607
2766,21461
2767,21287
2768,20762
2769,21716
2770,20998
2771,22109
2772,21287
2773,20689
2774,21828
2775,21064
2776,20910
2777,21122
2778,21126
2779,20779
2780,20716
2781,20512
2782,21460
2783,20714
2784,21291
2785,21396
2786,22445
2787,19262
2788,21096
2789,21087
2790,20849
2791,22003
2792,21142
2793,20661
2794,20540
2795,21435
2796,19550
2797,22227
2798,22110
2799,20687
2800,21476
2801,20746
2802,20584
2803,21389
2804,21110
2805,22352
2806,21461
2807,19644
2808,21181
2809,19450
2810,19573
2811,19809
2812,21295
2813,21024
2814,21387
2815,20294
2816,20294
2817,21537
2818,19367
2819,20579
2820,20958
2821,21711
2822,21251
2823,21393
2824,21501
2825,20338
2826,20915
2827,20420
2828,21453
2829,21311
2830,21966
2831,20773
2832,20204
2833,21369
2834,21053
2835,20738
2836,21926
2837,19309
2838,21269
2839,20878
2840,21146
2841,21668
2842,21986
2843,20613
2844,21247
2845,21787
2846,20892
2847,21108
2848,20193
2849,21601
2850,21756
2851,21353
2852,21706
2853,21568
2854,21056
2855,22314
2856,22035
2857,21662
2858,21647
2859,22164
2860,19854
2861,21192
2862,20772
2863,21444
2864,21685
2865,21806
2866,20797
2867,21963
2868,21596
2869,21425
2870,22210
2871,20970
2872,19611
2873,21597
2874,20869
2875,21796
2876,21066
2877,21920
2878,21513
2879,21860
2880,21277
2881,20851
2882,21901
2883,21546
2884,23311
2885,20318
2886,22388
2887,22369
2888,21847
2889,20871
2890,24238
2891,21475
2892,22099
2893,20012
2894,21468
2895,22968
2896,21364
2897,21897
2898,21959
2899,22456
2900,21665
2901,21495
2902,21465
2903,23592
2904,21441
2905,20353
2906,21058
2907,22468
2908,22512
2909,22197
2910,24104
2911,21569
2912,21826
2913,22196
2914,22102
2915,21776
2916,22346
2917,20475
2918,21819
2919,21583
2920,22172
2921,22021
2922,21899
2923,20306
2924,21700
2925,21451
2926,22040
2927,21324
2928,22992
2929,22071
2930,20185
2931,22669
2932,20909
2933,22244
2934,20621
2935,22153
2936,21770
2937,22145
2938,22503
2939,22730
2940,22229
2941,22834
2942,23088
2943,22334
2944,21388
2945,22040
2946,23418
2947,20743
2948,22147
2949,20196
2950,23513
2951,22217
2952,22014
2953,22687
2954,20826
2955,22513
2956,20741
2957,22746
2958,21344
2959,21577
2960,22052
2961,22436
2962,21284
2963,22512
2964,21622
2965,22535
2966,22521
2967,22608
2968,21630
2969,22340
2970,20736
2971,22682
2972,23908
2973,22582
2974,22343
2975,22187
2976,22007
2977,22748
2978,21883
2979,22074
2980,22179
2981,22141
2982,23252
2983,22242
2984,22716
2985,21209
2986,23251
2987,22454
2988,21696
2989,22854
2990,23102
2991,23489
2992,22672
2993,23400
2994,23706
2995,22511
2996,22322
2997,22521
2998,22316
2999,22811
3000,22847
3001,23063
3002,22916
3003,22801
3004,22826
3005,23165
3006,21051
3007,23051
3008,23113
3009,21207
3010,21716
3011,23334
3012,22726
3013,22770
3014,22093
3015,22380
3016,22918
3017,22495
3018,22438
3019,23132
3020,21240
3021,22068
3022,22418
3023,22791
3024,22262
3025,23663
3026,22352
3027,21912
3028,22668
3029,21704
3030,21052
3031,22432
3032,21595
3033,23861
3034,23529
3035,24616
3036,22681
3037,21558
3038,23166
3039,23567
3040,22985
3041,24394
3042,22890
3043,21302
3044,21168
3045,21235
3046,23386
3047,23910
3048,23167
3049,22816
3050,22527
3051,25122
3052,23565
3053,22364
3054,21855
3055,22752
3056,21293
3057,23345
3058,23163
3059,23288
3060,23148
3061,23883
3062,21677
3063,23032
3064,23293
3065,24283
3066,21641
3067,23387
3068,23407
3069,23104
3070,21020
3071,23642
3072,23007
3073,23544
3074,23327
3075,22246
3076,23341
3077,23278
3078,23593
3079,22871
3080,23845
3081,23963
3082,24246
3083,23621
3084,21389
3085,23521
3086,21801
3087,21845
3088,23229
3089,24264
3090,22143
3091,23641
3092,23842
3093,22620
3094,23597
3095,24317
3096,24606
3097,24040
3098,23348
3099,24078
3100,23037
3101,23175
3102,23766
3103,21908
3104,24255
3105,23126
3106,23508
3107,21440
3108,24358
3109,22774
3110,22182
3111,24503
3112,24360
3113,23616
3114,23517
3115,23446
3116,23497
3117,23408
3118,23158
3119,24021
3120,23774
3121,23424
3122,23300
3123,22849
3124,24502
3125,24121
3126,22736
3127,23400
3128,23278
3129,23744
3130,23883
3131,24096
3132,23697
3133,23914
3134,23559
3135,24261
3136,22164
3137,24299
3138,22453
3139,24349
3140,23292
3141,23826
3142,24872
3143,21731
3144,22514
3145,23732
3146,23088
3147,24077
3148,23947
3149,24239
3150,23452
3151,24386
3152,23979
3153,23292
3154,22073
3155,23779
3156,23521
3157,23654
3158,22074
3159,24328
3160,23660
3161,24331
3162,23851
3163,24280
3164,23677
3165,23600
3166,22102
3167,24168
3168,23948
3169,24180
3170,23811
3171,23859
3172,23834
3173,23920
3174,24620
3175,24417
3176,22709
3177,22569
3178,23936
3179,22509
3180,23999
3181,23698
3182,24855
3183,23987
3184,22236
3185,24602
3186,24466
3187,22836
3188,22626
3189,22295
3190,24319
3191,23761
3192,24864
3193,24449
3194,24805
3195,24062
3196,22646
3197,23742
3198,25170
3199,23559
3200,23559
3201,22371
3202,24361
3203,24274
3204,24191
3205,22740
3206,24122
3207,23412
3208,23502
3209,24973
3210,24522
3211,24799
3212,24299
3213,24473
3214,22177
3215,23995
3216,24782
3217,23995
3218,24780
3219,22317
3220,24690
3221,23798
3222,24518
3223,23685
3224,22640
3225,24230
3226,23921
3227,24125
3228,25412
3229,24537
3230,23691
3231,24187
3232,24321
3233,24108
3234,24666
3235,25294
3236,24138
3237,25311
3238,26304
3239,24073
3240,24399
3241,24891
3242,24665
3243,24037
3244,25158
3245,23794
3246,22669
3247,22776
3248,23866
3249,24496
3250,23180
3251,23968
3252,24989
3253,24173
3254,23598
3255,25412
3256,22798
3257,24970
3258,24453
3259,24584
3260,24508
3261,25195
3262,25490
3263,25364
3264,25044
3265,23118
3266,24549
3267,24710
3268,24296
3269,25002
3270,25084
3271,23900
3272,24611
3273,24717
3274,23460
3275,25041
3276,25394
3277,25467
3278,24443
3279,23821
3280,25516
3281,24054
3282,24805
3283,23267
3284,25066
3285,25071
3286,24390
3287,24463
3288,26355
3289,24308
3290,24960
3291,24502
3292,23410
3293,25473
3294,23102
3295,23074
3296,23093
3297,25377
3298,24930
3299,24597
3300,24479
3301,23134
3302,25138
3303,25604
3304,24171
3305,23486
3306,24925
3307,25185
3308,25795
3309,24977
3310,25972
3311,24914
3312,24848
3313,24244
3314,24305
3315,23995
3316,25502
3317,23963
3318,24281
3319,26142
3320,25270
3321,25011
3322,25139
3323,22753
3324,24981
3325,24411
3326,24162
3327,25457
3328,25923
3329,24962
3330,25407
3331,23034
3332,23903
3333,22954
3334,24653
3335,25215
3336,23038
3337,26096
3338,25168
3339,25443
3340,25940
3341,25470
3342,24899
3343,24743
3344,24654
3345,25642
3346,22891
3347,24728
3348,25323
3349,24675
3350,23364
3351,26296
3352,25739
3353,25720
3354,24437
3355,24956
3356,24080
3357,25037
3358,25947
3359,25429
3360,26089
3361,26562
3362,26116
3363,25826
3364,25835
3365,25736
3366,26234
3367,25152
3368,25262
3369,26131
3370,22963
3371,26690
3372,25813
3373,26112
3374,24765
3375,25581
3376,25065
3377,23805
3378,25521
3379,26064
3380,25313
3381,25107
3382,24309
3383,25889
3384,24525
3385,24982
3386,26131
3387,25820
3388,26016
3389,26217
3390,26456
3391,25656
3392,25965
3393,24928
3394,26536
3395,25182
3396,24295
3397,24847
3398,26162
3399,26045
3400,24507
3401,25668
3402,25190
3403,24850
3404,26117
3405,26056
3406,26024
3407,26265
3408,25726
3409,24888
3410,25678
3411,22934
3412,24414
3413,23889
3414,25409
3415,25323
3416,26370
3417,25571
3418,25247
3419,25347
3420,24296
3421,26073
3422,26789
3423,26357
3424,26006
3425,25841
3426,23931
3427,25880
3428,25475
3429,26220
3430,25948
3431,26256
3432,24720
3433,26650
3434,26060
3435,26699
3436,25981
3437,27089
3438,25290
3439,25425
3440,23809
3441,25698
3442,26333
3443,25794
3444,24927
3445,26265
3446,25951
3447,25788
3448,25100
3449,24800
3450,25647
3451,26382
3452,25110
3453,25281
3454,26873
3455,26357
3456,26337
3457,26172
3458,26316
3459,25857
3460,25801
3461,26998
3462,23970
3463,25490
3464,25661
3465,25517
3466,25853
3467,26695
3468,25943
3469,26385
3470,26096
3471,27067
3472,25976
3473,26719
3474,25373
3475,26402
3476,26240
3477,25909
3478,25614
3479,26838
3480,26131
3481,26903
3482,24797
3483,25366
3484,26221
3485,26776
3486,24682
3487,26734
3488,24310
3489,25255
3490,26102
3491,26465
3492,24077
3493,26655
3494,23573
3495,26621
3496,26263
3497,25707
3498,24191
3499,27083
3500,26362
3501,24728
3502,26766
3503,26415
3504,27458
3505,26410
3506,26806
3507,26314
3508,26868
3509,27088
3510,26345
3511,23881
3512,26891
3513,26725
3514,26289
3515,26507
3516,26320
3517,25057
3518,26357
3519,26285
3520,26811
3521,26348
3522,26319
3523,26586
3524,24885
3525,25985
3526,26595
3527,27550
3528,26183
3529,25801
3530,26792
3531,24888
3532,25823
3533,26363
3534,26975
3535,25708
3536,26188
3537,26792
3538,26702
3539,26497
3540,24232
3541,27782
3542,26659
3543,27238
3544,26065
3545,24727
3546,25826
3547,26526
3548,26938
3549,24855
3550,26503
3551,26674
3552,27359
3553,26152
3554,27278
3555,25960
3556,26538
3557,26831
3558,26417
3559,26271
3560,26326
3561,25269
3562,27126
3563,26082
3564,27311
3565,26773
3566,26334
3567,24681
3568,27188
3569,27527
3570,27472
3571,26874
3572,26994
3573,26238
3574,27670
3575,26140
3576,25895
3577,24840
3578,25361
3579,28475
3580,28061
3581,29230
3582,26840
3583,26646
3584,26052
3585,24759
3586,27632
3587,27192
3588,27018
3589,27224
3590,28614
3591,27930
3592,27644
3593,27231
3594,26527
3595,26746
3596,26544
3597,27342
3598,26054
3599,26156
3600,26025
3601,26835
3602,26943
3603,27751
3604,27455
3605,27458
3606,27411
3607,27437
3608,25574
3609,27161
3610,25761
3611,27225
3612,25638
3613,27570
3614,27972
3615,25229
3616,27846
3617,28449
3618,25473
3619,28012
3620,27791
3621,27368
3622,27226
3623,26305
3624,27656
3625,26249
3626,26754
3627,27985
3628,25694
3629,26494
3630,26895
3631,27663
3632,27730
3633,26552
3634,27999
3635,27039
3636,25990
3637,28075
3638,27191
3639,26809
3640,27416
3641,28766
3642,24804
3643,24605
3644,25283
3645,28197
3646,27475
3647,26762
3648,27876
3649,26879
3650,28055
3651,25430
3652,24784
3653,28520
3654,27482
3655,28828
3656,27400
3657,25424
3658,28216
3659,27836
3660,27831
3661,25798
3662,27449
3663,27309
3664,27509
3665,27273
3666,28275
3667,26361
3668,26082
3669,27634
3670,26994
3671,26486
3672,25233
3673,27861
3674,27846
3675,27327
3676,26074
3677,26908
3678,26050
3679,27029
3680,27741
3681,25998
3682,28547
3683,28131
3684,28062
3685,27252
3686,28497
3687,29402
3688,28165
3689,27769
3690,28414
3691,27626
3692,27752
3693,27797
3694,25093
3695,27595
3696,27528
3697,27418
3698,27689
3699,25561
3700,27487
3701,29054
3702,28166
3703,25649
3704,28759
3705,28183
3706,28151
3707,27158
3708,28634
3709,26951
3710,28572
3711,28408
3712,27904
3713,27140
3714,28410
3715,28485
3716,28198
3717,29041
3718,25768
3719,28684
3720,28041
3721,25786
3722,28501
3723,28244
3724,28441
3725,27529
3726,28509
3727,28914
3728,26960
3729,28455
3730,28482
3731,27358
3732,29029
3733,28500
3734,27902
3735,27688
3736,27636
3737,30300
3738,27528
3739,27943
3740,28407
3741,28220
3742,28419
3743,26292
3744,27864
3745,29025
3746,27909
3747,28222
3748,27481
3749,28010
3750,27821
3751,28130
3752,28036
3753,25626
3754,28129
3755,28861
3756,27176
3757,27751
3758,27967
3759,27065
3760,27407
3761,28144
3762,28957
3763,28650
3764,29446
3765,28938
3766,30381
3767,28233
3768,27997
3769,27858
3770,27791
3771,26911
3772,28521
3773,26707
3774,28525
3775,27937
3776,27640
3777,27666
3778,28730
3779,28359
3780,28382
3781,28226
3782,28779
3783,29110
3784,27894
3785,28922
3786,28654
3787,27521
3788,27918
3789,28561
3790,28910
3791,28679
3792,28728
3793,28971
3794,26907
3795,28056
3796,28667
3797,28178
3798,28848
3799,27545
3800,26080
3801,28489
3802,27692
3803,29458
3804,28414
3805,27934
3806,27978
3807,29564
3808,28763
3809,29594
3810,27626
3811,28468
3812,28460
3813,27962
3814,26827
3815,28451
3816,28977
3817,26122
3818,28884
3819,28749
3820,28060
3821,29111
3822,27694
3823,29591
3824,28223
3825,28195
3826,28003
3827,29284
3828,27961
3829,28235
3830,28947
3831,28348
3832,27948
3833,30257
3834,28694
3835,26801
3836,29203
3837,28737
3838,29502
3839,29377
3840,28943
3841,29111
3842,28712
3843,28557
3844,26878
3845,29178
3846,28337
3847,29004
3848,29351
3849,27805
3850,26862
3851,30186
3852,29655
3853,27445
3854,28968
3855,26325
3856,29042
3857,29382
3858,26728
3859,28936
3860,30148
3861,30985
3862,29107
3863,28525
3864,29314
3865,30019
3866,29193
3867,29116
3868,28526
3869,29583
3870,28036
3871,26808
3872,26951
3873,28539
3874,26829
3875,28008
3876,29706
3877,29446
3878,28911
3879,29552
3880,29378
3881,30101
3882,28975
3883,27299
3884,27623
3885,26740
3886,29837
3887,30099
3888,29628
3889,31069
3890,30919
3891,28549
3892,29555
3893,29693
3894,29647
3895,29178
3896,29709
3897,30129
3898,29059
3899,30505
3900,30215
3901,28167
3902,29959
3903,28653
3904,30406
3905,27420
3906,29940
3907,30059
3908,29717
3909,29221
3910,29790
3911,27743
3912,29871
3913,29472
3914,28765
3915,28254
3916,27304
3917,29934
3918,30305
3919,29908
3920,30924
3921,29017
3922,28119
3923,27756
3924,26787
3925,31758
3926,29773
3927,29275
3928,26757
3929,29507
3930,29568
3931,27709
3932,29539
3933,29380
3934,31228
3935,29227
3936,29311
3937,28750
3938,30285
3939,31314
3940,29158
3941,29894
3942,29722
3943,31787
3944,29368
3945,29430
3946,29820
3947,31417
3948,29581
3949,30699
3950,30502
3951,30231
3952,29277
3953,30455
3954,31044
3955,29355
3956,29957
3957,30205
3958,30985
3959,31152
3960,31332
3961,28083
3962,29024
3963,28136
3964,30673
3965,29255
3966,29514
3967,30620
3968,29863
3969,30942
3970,30202
3971,30615
3972,27548
3973,30356
3974,30178
3975,29742
3976,29500
3977,30437
3978,29896
3979,30568
3980,30114
3981,28272
3982,30424
3983,29979
3984,30465
3985,27716
3986,30500
3987,29585
3988,28328
3989,29434
3990,29180
3991,28995
3992,30826
3993,30535
3994,29875
3995,29730
3996,28064
3997,30198
3998,30019
3999,29772
4000,28522
4001,30282
4002,30938
4003,30897
4004,30139
4005,31508
4006,30458
4007,31436
4008,30497
4009,28746
4010,29659
4011,30730
4012,30809
4013,27808
4014,29437
4015,30037
4016,29791
4017,30224
4018,30898
4019,29451
4020,30213
4021,30991
4022,30591
4023,30311
4024,31467
4025,29381
4026,29391
4027,30358
4028,30469
4029,30683
4030,30307
4031,30189
4032,30350
4033,30045
4034,29902
4035,30553
4036,29993
4037,30152
4038,29579
4039,30125
4040,28089
4041,30330
4042,31174
4043,31073
4044,29729
4045,29779
4046,30047
4047,30050
4048,27998
4049,29851
4050,29535
4051,29850
4052,32592
4053,28519
4054,28743
4055,30267
4056,30025
4057,30884
4058,29594
4059,27643
4060,29749
4061,31125
4062,27766
4063,29680
4064,30971
4065,30855
4066,30425
4067,30124
4068,30334
4069,27953
4070,29756
4071,31497
4072,28227
4073,29934
4074,30779
4075,30092
4076,31258
4077,31010
4078,30119
4079,31095
4080,29537
4081,31284
4082,31833
4083,30728
4084,30222
4085,29830
4086,30408
4087,30146
4088,30150
4089,29548
4090,31047
4091,30304
4092,31417
4093,30441
4094,29499
4095,29989
4096,29839
4097,31303
4098,28307
4099,30627
4100,29719
4101,28284
4102,30650
4103,30021
4104,31476
4105,31551
4106,31091
4107,29995
4108,31384
4109,29225
4110,32536
4111,28455
4112,32552
4113,33555
4114,29317
4115,30275
4116,31448
4117,29064
4118,31930
4119,31124
4120,28980
4121,31062
4122,30900
4123,32534
4124,31580
4125,30737
4126,31979
4127,29554
4128,32253
4129,30656
4130,30463
4131,32471
4132,32619
4133,32390
4134,31163
4135,31913
4136,31247
4137,34527
4138,31736
4139,30891
4140,32118
4141,31874
4142,29899
4143,31245
4144,32049
4145,31386
4146,29368
4147,31741
4148,31219
4149,32136
4150,29430
4151,32244
4152,29484
4153,29804
4154,32589
4155,32516
4156,31203
4157,31451
4158,31735
4159,30178
4160,30889
4161,31539
4162,30923
4163,32277
4164,32539
4165,31572
4166,30008
4167,30859
4168,31412
4169,31260
4170,32303
4171,33172
4172,29200
4173,31999
4174,31646
4175,31026
4176,34116
4177,31647
4178,31005
4179,32220
4180,33368
4181,32506
4182,31962
4183,33108
4184,30027
4185,31790
4186,31496
4187,30602
4188,30328
4189,31959
4190,31508
4191,32126
4192,28880
4193,32471
4194,31510
4195,28697
4196,32040
4197,31868
4198,33354
4199,31770
4200,31837
4201,31692
4202,31144
4203,29021
4204,30547
4205,29197
4206,31244
4207,31363
4208,29329
4209,31849
4210,31063
4211,31072
4212,30504
4213,32591
4214,31540
4215,32375
4216,30847
4217,31900
4218,32319
4219,31225
4220,32459
4221,31956
4222,30527
4223,32274
4224,31964
4225,31469
4226,31986
4227,31585
4228,31187
4229,29148
4230,31692
4231,31852
4232,32823
4233,32240
4234,31738
4235,32162
4236,30371
4237,32695
4238,30723
4239,31091
4240,30033
4241,31914
4242,32407
4243,31533
4244,31654
4245,32915
4246,30242
4247,33146
4248,31718
4249,32363
4250,30907
4251,31564
4252,32350
4253,31452
4254,31945
4255,31379
4256,30715
4257,29663
4258,31991
4259,36846
4260,32319
4261,33205
4262,32421
4263,31306
4264,32284
4265,32491
4266,33479
4267,30090
4268,32548
4269,32821
4270,32961
4271,33023
4272,31158
4273,31734
4274,32624
4275,31362
4276,33026
4277,31709
4278,33186
4279,32463
4280,30584
4281,33083
4282,31930
4283,31942
4284,33039
4285,32222
4286,32029
4287,32613
4288,30920
4289,31620
4290,30599
4291,33125
4292,33259
4293,29353
4294,32396
4295,32025
4296,33501
4297,29951
4298,31882
4299,29883
4300,32683
4301,33468
4302,31487
4303,32962
4304,33470
4305,33269
4306,32834
4307,30135
4308,33439
4309,32595
4310,31674
4311,32978
4312,31214
4313,32874
4314,31628
4315,30582
4316,33120
4317,32143
4318,33103
4319,30774
4320,32616
4321,30167
4322,33489
4323,33747
4324,29775
4325,33371
4326,33153
4327,32195
4328,32662
4329,34499
4330,32879
4331,32889
4332,33248
4333,32213
4334,34617
4335,33210
4336,30529
4337,34604
4338,32144
4339,33730
4340,33176
4341,33940
4342,33260
4343,34150
4344,32168
4345,33736
4346,34360
4347,33538
4348,32384
4349,33559
4350,32792
4351,32756
4352,33450
4353,32096
4354,32551
4355,32129
4356,34284
4357,33101
4358,31095
4359,33748
4360,34101
4361,32979
4362,33963
4363,32164
4364,33473
4365,34523
4366,32197
4367,32140
4368,31560
4369,33811
4370,32664
4371,34302
4372,33887
4373,34377
4374,30919
4375,34501
4376,34134
4377,34122
4378,34461
4379,34211
4380,35179
4381,35015
4382,34359
4383,34349
4384,33575
4385,31376
4386,34543
4387,35233
4388,33624
4389,33154
4390,34507
4391,34465
4392,33715
4393,32075
4394,35010
4395,33725
4396,33387
4397,34240
4398,31943
4399,33363
4400,34107
4401,33647
4402,31870
4403,33950
4404,31486
4405,34701
4406,33422
4407,34167
4408,34441
4409,34568
4410,35325
4411,34129
4412,34615
4413,32850
4414,34068
4415,35035
4416,35424
4417,33982
4418,30815
4419,35098
4420,31573
4421,32224
4422,33914
4423,33667
4424,34515
4425,34815
4426,34372
4427,32647
4428,34219
4429,34499
4430,34698
4431,34418
4432,34970
4433,33850
4434,31511
4435,33828
4436,31927
4437,33314
4438,32964
4439,32621
4440,32148
4441,35549
4442,32821
4443,33741
4444,33350
4445,34777
4446,33450
4447,33494
4448,33711
4449,34826
4450,34459
4451,34286
4452,33674
4453,34207
4454,35218
4455,34939
4456,34307
4457,33418
4458,34367
4459,33630
4460,35425
4461,31678
4462,34050
4463,33861
4464,33943
4465,33672
4466,35363
4467,33382
4468,32166
4469,33431
4470,34614
4471,35084
4472,33214
4473,33243
4474,34508
4475,34909
4476,33952
4477,33116
4478,34805
4479,35316
4480,34996
4481,34066
4482,35615
4483,35116
4484,34897
4485,34170
4486,35255
4487,31415
4488,34326
4489,37113
4490,37753
4491,34017
4492,34831
4493,35208
4494,34817
4495,32125
4496,34402
4497,34841
4498,35318
4499,35532
4500,36272
4501,35441
4502,34858
4503,33578
4504,34053
4505,34939
4506,34782
4507,34552
4508,34108
4509,34123
4510,34296
4511,35041
4512,31934
4513,35977
4514,35173
4515,35368
4516,33221
4517,34530
4518,34501
4519,33128
4520,33194
4521,34609
4522,31875
4523,35089
4524,34880
4525,32324
4526,33906
4527,35029
4528,33782
4529,35321
4530,34581
4531,34095
4532,33794
4533,33252
4534,34395
4535,34863
4536,33917
4537,34800
4538,34649
4539,31501
4540,33595
4541,33101
4542,34024
4543,34538
4544,33953
4545,32491
4546,32183
4547,35052
4548,33940
4549,34264
4550,31386
4551,34592
4552,31901
4553,36101
4554,32689
4555,32095
4556,33733
4557,35369
4558,34064
4559,33240
4560,34600
4561,33037
4562,36277
4563,34330
4564,34957
4565,34557
4566,35252
4567,35136
4568,32097
4569,35425
4570,32430
4571,34905
4572,31936
4573,34241
4574,34018
4575,34634
4576,33448
4577,34928
4578,32693
4579,35693
4580,32194
4581,36222
4582,35400
4583,35856
4584,32799
4585,35693
4586,36306
4587,34877
4588,32962
4589,35301
4590,34995
4591,35537
4592,35503
4593,35641
4594,33439
4595,34555
4596,33658
4597,36555
4598,32806
4599,35502
4600,35335
4601,32889
4602,34561
4603,32789
4604,35219
4605,38053
4606,34503
4607,35393
4608,33698
4609,35431
4610,36186
4611,35612
4612,34460
4613,35076
4614,35023
4615,35841
4616,35783
4617,35048
4618,34267
4619,35028
4620,35226
4621,35953
4622,34993
4623,35227
4624,36136
4625,36003
4626,35138
4627,36180
4628,36219
4629,35766
4630,35635
4631,35463
4632,34202
4633,34584
4634,36763
4635,33441
4636,36185
4637,35070
4638,36060
4639,36255
4640,36216
4641,33382
4642,36154
4643,34225
4644,34165
4645,35431
4646,35796
4647,35256
4648,35451
4649,35128
4650,34007
4651,33547
4652,35242
4653,35308
4654,34256
4655,35417
4656,35497
4657,35080
4658,35637
4659,35412
4660,35280
4661,36567
4662,34692
4663,34974
4664,34815
4665,35694
4666,36053
4667,36173
4668,34829
4669,35097
4670,36169
4671,35881
4672,32987
4673,35117
4674,34884
4675,35341
4676,32929
4677,33046
4678,36092
4679,36654
4680,36014
4681,34980
4682,35147
4683,35849
4684,35034
4685,35304
4686,33424
4687,32084
4688,34861
4689,35793
4690,36383
4691,38106
4692,35454
4693,35726
4694,34397
4695,35424
4696,35786
4697,35064
4698,35942
4699,35968
4700,33021
4701,33622
4702,34243
4703,36191
4704,35885
4705,36013
4706,35351
4707,35536
4708,37591
4709,36417
4710,34378
4711,35973
4712,36229
4713,35331
4714,36175
4715,37476
4716,36610
4717,35846
4718,35236
4719,36578
4720,35929
4721,36296
4722,35792
4723,32578
4724,36159
4725,36930
4726,36684
4727,36980
4728,35356
4729,35357
4730,35646
4731,36209
4732,35100
4733,35284
4734,35991
4735,36620
4736,33864
4737,35854
4738,36358
4739,36680
4740,37541
4741,36547
4742,36319
4743,35125
4744,34657
4745,35774
4746,36821
4747,35954
4748,36099
4749,35388
4750,34663
4751,38770
4752,35389
4753,36027
4754,36327
4755,36162
4756,37547
4757,33887
4758,37621
4759,34529
4760,38316
4761,36142
4762,37623
4763,36953
4764,35980
4765,33105
4766,38333
4767,36223
4768,36361
4769,37090
4770,33386
4771,36361
4772,36697
4773,35066
4774,36909
4775,36529
4776,35598
4777,36921
4778,37326
4779,33511
4780,37405
4781,37393
4782,37268
4783,35662
4784,36650
4785,37699
4786,36256
4787,37557
4788,37522
4789,34763
4790,35764
4791,35130
4792,35339
4793,36117
4794,37396
4795,34611
4796,37468
4797,35558
4798,37368
4799,35202
4800,37039
4801,38142
4802,36614
4803,37689
4804,37183
4805,36439
4806,36519
4807,35396
4808,37624
4809,36378
4810,37103
4811,37212
4812,38325
4813,34349
4814,37368
4815,36864
4816,37193
4817,37038
4818,36282
4819,33241
4820,37400
4821,37025
4822,36361
4823,37245
4824,35930
4825,35503
4826,36583
4827,37216
4828,37451
4829,37175
4830,36930
4831,36730
4832,36757
4833,37347
4834,37739
4835,36260
4836,36722
4837,35858
4838,36169
4839,37755
4840,37520
4841,37736
4842,33583
4843,38024
4844,36983
4845,36836
4846,36766
4847,34602
4848,37646
4849,35972
4850,37879
4851,36213
4852,36024
4853,36746
4854,37440
4855,36917
4856,38304
4857,36900
4858,36987
4859,34337
4860,36725
4861,37433
4862,38453
4863,33664
4864,37186
4865,38023
4866,36887
4867,38058
4868,38150
4869,37701
4870,37308
4871,36244
4872,37028
4873,37939
4874,36998
4875,36216
4876,36772
4877,35256
4878,34372
4879,37314
4880,37433
4881,37070
4882,39103
4883,37346
4884,37639
4885,38192
4886,36598
4887,37338
4888,37581
4889,37916
4890,38419
4891,37426
4892,37521
4893,37784
4894,36149
4895,36013
4896,37798
4897,37319
4898,37043
4899,37168
4900,39219
4901,38195
4902,35304
4903,34087
4904,36961
4905,36637
4906,34397
4907,39680
4908,37493
4909,39044
4910,38444
4911,39051
4912,37490
4913,37600
4914,35701
4915,36693
4916,36059
4917,38251
4918,36503
4919,37962
4920,37847
4921,37908
4922,37562
4923,35846
4924,37536
4925,37773
4926,37823
4927,35361
4928,36216
4929,37265
4930,37261
4931,36944
4932,36091
4933,37861
4934,37707
4935,38878
4936,36602
4937,38297
4938,33804
4939,38798
4940,37984
4941,38044
4942,37242
4943,37001
4944,36788
4945,36543
4946,37505
4947,38310
4948,35319
4949,38003
4950,38569
4951,38761
4952,35028
4953,37649
4954,36074
4955,38463
4956,32721
4957,36053
4958,38691
4959,36940
4960,38743
4961,36200
4962,39154
4963,38356
4964,36747
4965,37013
4966,37918
4967,38079
4968,38737
4969,36068
4970,38673
4971,36894
4972,37230
4973,38252
4974,37307
4975,39176
4976,37333
4977,36928
4978,37864
4979,38527
4980,38320
4981,38065
4982,36858
4983,39421
4984,38953
4985,38533
4986,40425
4987,37526
4988,38895
4989,39052
4990,37498
4991,38769
4992,37766
4993,38572
4994,38538
4995,36850
4996,39092
4997,39360
4998,38574
4999,36408
5000,38345
5001,38085
5002,39800
5003,39151
5004,37251
5005,38977
5006,37404
5007,39532
5008,38558
5009,35239
5010,38526
5011,39460
5012,36791
5013,37865
5014,36996
5015,38506
5016,37936
5017,38434
5018,38630
5019,37935
5020,39711
5021,39158
5022,37762
5023,37585
5024,38512
5025,39666
5026,39162
5027,37679
5028,38563
5029,37932
5030,38093
5031,35979
5032,39572
5033,38114
5034,38304
5035,38225
5036,38621
5037,39138
5038,41001
5039,40343
5040,36242
5041,37528
5042,39149
5043,39487
5044,38282
5045,38556
5046,37434
5047,38730
5048,38969
5049,38605
5050,38339
5051,39032
5052,37660
5053,39464
5054,39112
5055,38516
5056,40027
5057,38144
5058,38797
5059,36934
5060,37823
5061,35859
5062,37173
5063,38921
5064,38629
5065,38638
5066,38481
5067,35854
5068,39388
5069,40266
5070,39611
5071,37411
5072,38382
5073,38517
5074,38793
5075,35960
5076,38197
5077,38838
5078,39495
5079,37514
5080,38897
5081,38421
5082,37682
5083,38570
5084,36615
5085,37477
5086,39383
5087,38560
5088,39304
5089,37854
5090,39887
5091,39799
5092,38981
5093,39070
5094,36846
5095,38238
5096,35219
5097,35119
5098,38191
5099,37781
5100,39620
5101,38954
5102,36624
5103,37675
5104,37366
5105,38127
5106,38378
5107,39535
5108,39052
5109,39001
5110,38795
5111,39045
5112,38812
5113,37418
5114,38545
5115,38833
5116,38477
5117,40978
5118,36217
5119,37646
5120,35293
5121,40137
5122,39644
5123,39228
5124,37997
5125,39102
5126,35836
5127,39440
5128,36101
5129,38885
5130,36804
5131,41462
5132,39913
5133,38654
5134,39426
5135,40014
5136,39605
5137,40717
5138,38516
5139,39722
5140,39630
5141,40432
5142,38942
5143,39945
5144,38529
5145,40267
5146,39505
5147,39550
5148,37596
5149,39563
5150,38897
5151,40201
5152,40422
5153,39865
5154,37640
5155,39821
5156,40361
5157,40614
5158,39672
5159,38215
5160,37369
5161,39878
5162,39715
5163,39213
5164,39217
5165,36952
5166,39078
5167,39879
5168,40295
5169,38361
5170,34986
5171,39956
5172,39477
5173,40051
5174,38564
5175,38459
5176,39854
5177,38408
5178,40672
5179,39913
5180,40072
5181,36393
5182,40100
5183,39955
5184,39998
5185,39827
5186,39626
5187,39134
5188,39698
5189,39395
5190,38050
5191,39424
5192,39151
5193,39878
5194,40398
5195,39728
5196,39037
5197,39543
5198,37686
5199,38992
5200,39749
5201,39674
5202,40417
5203,38806
5204,36697
5205,39946
5206,39452
5207,39835
5208,39335
5209,39146
5210,40217
5211,37625
5212,40435
5213,38599
5214,39138
5215,37813
5216,39330
5217,38151
5218,38892
5219,37846
5220,40034
5221,39250
5222,38623
5223,39605
5224,39344
5225,40626
5226,38958
5227,39110
5228,40224
5229,40539
5230,39468
5231,40343
5232,40423
5233,36766
5234,40317
5235,40122
5236,42637
5237,35661
5238,37104
5239,39688
5240,39654
5241,39718
5242,38969
5243,38942
5244,38394
5245,39603
5246,39357
5247,40581
5248,40402
5249,40219
5250,37294
5251,40462
5252,39173
5253,38560
5254,39935
5255,40707
5256,40837
5257,37876
5258,40760
5259,39298
5260,40461
5261,41951
5262,38878
5263,41078
5264,39194
5265,36613
5266,40407
5267,38351
5268,40148
5269,39398
5270,38254
5271,36507
5272,39503
5273,40652
5274,40193
5275,40872
5276,41431
5277,39575
5278,41369
5279,39238
5280,40214
5281,39054
5282,40464
5283,40408
5284,39968
5285,41018
5286,38958
5287,40071
5288,38492
5289,41266
5290,37062
5291,39216
5292,40050
5293,40412
5294,39590
5295,41011
5296,41448
5297,40674
5298,39827
5299,39214
5300,40641
5301,40720
5302,40555
5303,40204
5304,39312
5305,40943
5306,39580
5307,38789
5308,41195
5309,40761
5310,38451
5311,40494
5312,39734
5313,37011
5314,39619
5315,38798
5316,39504
5317,41378
5318,37369
5319,41860
5320,39801
5321,40455
5322,39520
5323,41306
5324,40452
5325,41226
5326,40990
5327,40936
5328,41641
5329,41582
5330,39928
5331,40128
5332,41409
5333,40892
5334,40679
5335,39640
5336,40593
5337,40805
5338,42148
5339,39621
5340,41289
5341,42683
5342,40997
5343,41381
5344,39224
5345,42017
5346,39400
5347,39491
5348,39881
5349,41289
5350,38812
5351,42389
5352,41772
5353,41127
5354,37523
5355,38391
5356,40896
5357,41246
5358,40526
5359,39982
5360,41255
5361,41344
5362,40751
5363,39129
5364,41404
5365,41147
5366,40262
5367,40790
5368,41457
5369,40291
5370,40035
5371,40865
5372,37250
5373,40781
5374,39741
5375,41121
5376,40626
5377,39660
5378,41526
5379,41783
5380,40974
5381,40188
5382,40124
5383,40440
5384,38217
5385,42089
5386,41109
5387,42236
5388,41383
5389,41324
5390,39165
5391,40353
5392,40705
5393,40843
5394,38176
5395,40968
5396,41191
5397,37779
5398,38092
5399,41069
5400,40677
5401,41298
5402,39358
5403,43202
5404,41759
5405,41371
5406,42184
5407,40982
5408,40732
5409,41770
5410,38489
5411,42993
5412,43574
5413,39074
5414,39720
5415,41571
5416,39861
5417,42365
5418,41663
5419,38417
5420,39066
5421,40119
5422,41910
5423,41222
5424,41549
5425,41409
5426,41368
5427,38716
5428,41395
5429,41316
5430,42153
5431,41177
5432,40901
5433,41675
5434,37582
5435,41386
5436,40407
5437,40895
5438,37646
5439,41565
5440,42263
5441,38461
5442,38576
5443,41430
5444,41728
5445,44380
5446,42818
5447,41761
5448,42559
5449,41345
5450,42022
5451,43961
5452,40878
5453,41733
5454,41829
5455,37764
5456,40303
5457,40661
5458,38099
5459,39738
5460,41785
5461,40601
5462,40575
5463,40395
5464,43337
5465,42739
5466,43212
5467,41244
5468,41829
5469,42596
5470,42419
5471,40716
5472,43748
5473,42514
5474,38925
5475,42002
5476,40834
5477,41263
5478,41255
5479,40992
5480,39934
5481,42123
5482,41768
5483,41975
5484,41667
5485,42255
5486,38365
5487,42039
5488,41877
5489,41025
5490,40833
5491,40620
5492,40811
5493,42387
5494,42344
5495,42226
5496,42265
5497,43107
5498,42503
5499,40763
5500,42470
5501,42505
5502,41915
5503,42386
5504,41319
5505,41646
5506,38454
5507,40930
5508,38073
5509,40774
5510,42283
5511,41052
5512,43613
5513,43281
5514,41722
5515,39632
5516,42061
5517,40592
5518,38491
5519,40387
5520,37507
5521,37555
5522,42019
5523,40449
5524,42521
5525,41374
5526,40764
5527,42188
5528,40191
5529,42415
5530,42813
5531,41612
5532,42186
5533,39815
5534,42447
5535,41975
5536,42036
5537,41993
5538,41832
5539,41152
5540,42674
5541,43188
5542,42696
5543,41667
5544,38803
5545,42375
5546,41204
5547,40894
5548,43338
5549,42824
5550,43161
5551,43310
5552,42328
5553,42944
5554,42355
5555,43663
5556,38092
5557,43454
5558,40849
5559,42006
5560,42915
5561,43815
5562,41887
5563,42640
5564,42971
5565,43308
5566,43082
5567,41769
5568,41473
5569,42856
5570,41487
5571,43259
5572,42465
5573,38512
5574,42690
5575,42652
5576,42171
5577,42204
5578,39491
5579,41675
5580,43400
5581,41266
5582,43018
5583,42777
5584,42294
5585,42439
5586,42082
5587,38862
5588,39612
5589,41699
5590,43337
5591,41411
5592,41334
5593,42772
5594,42314
5595,42954
5596,41085
5597,43590
5598,41480
5599,42899
5600,42962
5601,42960
5602,40969
5603,41732
5604,41722
5605,42420
5606,42042
5607,38888
5608,41194
5609,43178
5610,41104
5611,43821
5612,41488
5613,42778
5614,43573
5615,43144
5616,43229
5617,40975
5618,42438
5619,44263
5620,43317
5621,44382
5622,43589
5623,41338
5624,43044
5625,43309
5626,44080
5627,41632
5628,39021
5629,42847
5630,43630
5631,42673
5632,42471
5633,41457
5634,45277
5635,41467
5636,42355
5637,42860
5638,43761
5639,43829
5640,43398
5641,42768
5642,43169
5643,42166
5644,42785
5645,42364
5646,42882
5647,42436
5648,44364
5649,39638
5650,43114
5651,43891
5652,43953
5653,39823
5654,43306
5655,43072
5656,43149
5657,44144
5658,42537
5659,42501
5660,42083
5661,41615
5662,40522
5663,41427
5664,40016
5665,44155
5666,42465
5667,39506
5668,43831
5669,43346
5670,42346
5671,44753
5672,39809
5673,44314
5674,40577
5675,43872
5676,39319
5677,43336
5678,42120
5679,44212
5680,44271
5681,44182
5682,44064
5683,43855
5684,44455
5685,44377
5686,44607
5687,43655
5688,39617
5689,43768
5690,44099
5691,44323
5692,44578
5693,43420
5694,42655
5695,43922
5696,44035
5697,40322
5698,45724
5699,43416
5700,43798
5701,42880
5702,43304
5703,42869
5704,42414
5705,44385
5706,43228
5707,42369
5708,44901
5709,42894
5710,41724
5711,44708
5712,39550
5713,43215
5714,43009
5715,47053
5716,43824
5717,43681
5718,42634
5719,42688
5720,40291
5721,44267
5722,42465
5723,43348
5724,43625
5725,45988
5726,44298
5727,44038
5728,39863
5729,43660
5730,44055
5731,43688
5732,46176
5733,44961
5734,41333
5735,40330
5736,43052
5737,44680
5738,44631
5739,44421
5740,43599
5741,40189
5742,46048
5743,45589
5744,44900
5745,44314
5746,43866
5747,44574
5748,42121
5749,44253
5750,45129
5751,43779
5752,45044
5753,42955
5754,44239
5755,45210
5756,44489
5757,44102
5758,44344
5759,45965
5760,44610
5761,41061
5762,44717
5763,45333
5764,43033
5765,46223
5766,44855
5767,45126
5768,41773
5769,40462
5770,40413
5771,43601
5772,44974
5773,41962
5774,41780
5775,40838
5776,41681
5777,45154
5778,44372
5779,44206
5780,44552
5781,44928
5782,45497
5783,44957
5784,44440
5785,44649
5786,44135
5787,42405
5788,44416
5789,44766
5790,42423
5791,44064
5792,44790
5793,44855
5794,43859
5795,43989
5796,40511
5797,44804
5798,40455
5799,45512
5800,41822
5801,43396
5802,44821
5803,40811
5804,43281
5805,45302
5806,44816
5807,45756
5808,43278
5809,45528
5810,45514
5811,46073
5812,43285
5813,45369
5814,45704
5815,42985
5816,44618
5817,45366
5818,44655
5819,43181
5820,45487
5821,45732
5822,44565
5823,41868
5824,44377
5825,44725
5826,44838
5827,46132
5828,45857
5829,47217
5830,45293
5831,45822
5832,44752
5833,44964
5834,41997
5835,46123
5836,44596
5837,44025
5838,44775
5839,45165
5840,44038
5841,45935
5842,45399
5843,45049
5844,40252
5845,41288
5846,45414
5847,45164
5848,44746
5849,42792
5850,45430
5851,45487
5852,45145
5853,44102
5854,45507
5855,45610
5856,45088
5857,45217
5858,45240
5859,43375
5860,45651
5861,46579
5862,42441
5863,45382
5864,41976
5865,43116
5866,45635
5867,41603
5868,45254
5869,45264
5870,43122
5871,43747
5872,41577
5873,46002
5874,47130
5875,51709
5876,49526
5877,45514
5878,45063
5879,45047
5880,44722
5881,44585
5882,45521
5883,45089
5884,44745
5885,45592
5886,46464
5887,45185
5888,44682
5889,45078
5890,45598
5891,46348
5892,46812
5893,45921
5894,46302
5895,45131
5896,44397
5897,45236
5898,41858
5899,44510
5900,44623
5901,46314
5902,46234
5903,47292
5904,46102
5905,43295
5906,45037
5907,43671
5908,45089
5909,46984
5910,47468
5911,45932
5912,46193
5913,46032
5914,46866
5915,46555
5916,46286
5917,43503
5918,45395
5919,45785
5920,47460
5921,46167
5922,41486
5923,45851
5924,46140
5925,46838
5926,44417
5927,46157
5928,42037
5929,45924
5930,44187
5931,43027
5932,42069
5933,46549
5934,47008
5935,45831
5936,44138
5937,44509
5938,47451
5939,44634
5940,42509
5941,45221
5942,45484
5943,45627
5944,45739
5945,45331
5946,45223
5947,45706
5948,45088
5949,46627
5950,47678
5951,46649
5952,45058
5953,42820
5954,44270
5955,44767
5956,46398
5957,46392
5958,47802
5959,45017
5960,46913
5961,45952
5962,46062
5963,44522
5964,45566
5965,45899
5966,46278
5967,46319
5968,45432
5969,45652
5970,46920
5971,41919
5972,41646
5973,46271
5974,46028
5975,45473
5976,44433
5977,44564
5978,45769
5979,46056
5980,46763
5981,45403
5982,46951
5983,46477
5984,44866
5985,45513
5986,44405
5987,47083
5988,47921
5989,46043
5990,46943
5991,46277
5992,44576
5993,43453
5994,45325
5995,46448
5996,44665
5997,48013
5998,46915
5999,41344
6000,48358
6001,42243
6002,46153
6003,46723
6004,41653
6005,48679
6006,46799
6007,46219
6008,46740
6009,47017
6010,43249
6011,46017
6012,46393
6013,46706
6014,43456
6015,45588
6016,46148
6017,47813
6018,46693
6019,46952
6020,46673
6021,43677
6022,44064
6023,46096
6024,47366
6025,45609
6026,45534
6027,45420
6028,45407
6029,43178
6030,44998
6031,44927
6032,43025
6033,46749
6034,47002
6035,45494
6036,46355
6037,46431
6038,47770
6039,46777
6040,47232
6041,45559
6042,45359
6043,46927
6044,47938
6045,46922
6046,45418
6047,47429
6048,45837
6049,47372
6050,45851
6051,46743
6052,44708
6053,46711
6054,43708
6055,45411
6056,42407
6057,46629
6058,49865
6059,47325
6060,48021
6061,43734
6062,47359
6063,43663
6064,49192
6065,48013
6066,48333
6067,47690
6068,46369
6069,47707
6070,46350
6071,43031
6072,46816
6073,47158
6074,47421
6075,47573
6076,49436
6077,46362
6078,48486
6079,47851
6080,47593
6081,46819
6082,47021
6083,45411
6084,47499
6085,47210
6086,47689
6087,46842
6088,47567
6089,45532
6090,45058
6091,45852
6092,45695
6093,47645
6094,47787
6095,47042
6096,46400
6097,43052
6098,46488
6099,45675
6100,47151
6101,44260
6102,45273
6103,46286
6104,46585
6105,48828
6106,44674
6107,46564
6108,46310
6109,47445
6110,47578
6111,47862
6112,47023
6113,46395
6114,45710
6115,43334
6116,48676
6117,42795
6118,45241
6119,43795
6120,48612
6121,47415
6122,47864
6123,47217
6124,46563
6125,47211
6126,47686
6127,45538
6128,45924
6129,46446
6130,45704
6131,43995
6132,47838
6133,48166
6134,43629
6135,46789
6136,42800
6137,44991
6138,48071
6139,45850
6140,43045
6141,45488
6142,43199
6143,48118
6144,44568
6145,47088
6146,47829
6147,43523
6148,48344
6149,49559
6150,42694
6151,46870
6152,47707
6153,48416
6154,48212
6155,47647
6156,48153
6157,48018
6158,46482
6159,47700
6160,46371
6161,47002
6162,43133
6163,47651
6164,46735
6165,48851
6166,47564
6167,47713
6168,46969
6169,48779
6170,46348
6171,42731
6172,48594
6173,49261
6174,48125
6175,48425
6176,44581
6177,49385
6178,45768
6179,48835
6180,48890
6181,50668
6182,49506
6183,47997
6184,44835
6185,46305
6186,46000
6187,48797
6188,46849
6189,48945
6190,46281
6191,48083
6192,48797
6193,47662
6194,48172
6195,48013
6196,46916
6197,48569
6198,46022
6199,49075
6200,48293
6201,48830
6202,48368
6203,46146
6204,48005
6205,43377
6206,48374
6207,43852
6208,49625
6209,47040
6210,47698
6211,46149
6212,46917
6213,49077
6214,45088
6215,48959
6216,47273
6217,44410
6218,47633
6219,48401
6220,48739
6221,47390
6222,49075
6223,44365
6224,49031
6225,46772
6226,48217
6227,46684
6228,49352
6229,48530
6230,46787
6231,43390
6232,45297
6233,47678
6234,46448
6235,49333
6236,48207
6237,48815
6238,48608
6239,48223
6240,47533
6241,44679
6242,47650
6243,47672
6244,48406
6245,48617
6246,44063
6247,46893
6248,48362
6249,47232
6250,49605
6251,48082
6252,47166
6253,44190
6254,48544
6255,48546
6256,46548
6257,46745
6258,46679
6259,48805
6260,48824
6261,47477
6262,48512
6263,43247
6264,47998
6265,48111
6266,48548
6267,48426
6268,44159
6269,48048
6270,48084
6271,45812
6272,45199
6273,47402
6274,48401
6275,46826
6276,47788
6277,47482
6278,46522
6279,48276
6280,48319
6281,43884
6282,48228
6283,48283
6284,47542
6285,48414
6286,45406
6287,45683
6288,48720
6289,49709
6290,48793
6291,45878
6292,44366
6293,46830
6294,48291
6295,46817
6296,44785
6297,46748
6298,48492
6299,47285
6300,46674
6301,48959
6302,49557
6303,48138
6304,45121
6305,49153
6306,47339
6307,48411
6308,46135
6309,49498
6310,48297
6311,48667
6312,49075
6313,48397
6314,49048
6315,48016
6316,50060
6317,49062
6318,49044
6319,50078
6320,47975
6321,47537
6322,48590
6323,48472
6324,47424
6325,44955
6326,49260
6327,48759
6328,49370
6329,49383
6330,48727
6331,48798
6332,47082
6333,47041
6334,50238
6335,49578
6336,48648
6337,44166
6338,46966
6339,49359
6340,49147
6341,49279
6342,46975
6343,45022
6344,47946
6345,48006
6346,49645
6347,49381
6348,46582
6349,48629
6350,47932
6351,48826
6352,48945
6353,47987
6354,47229
6355,45818
6356,50884
6357,48960
6358,47665
6359,48137
6360,48742
6361,48787
6362,43064
6363,44860
6364,48584
6365,48313
6366,50555
6367,47381
6368,48209
6369,46867
6370,48147
6371,48085
6372,45073
6373,50094
6374,49953
6375,47565
6376,49218
6377,49101
6378,44879
6379,49744
6380,49818
6381,43666
6382,45987
6383,49488
6384,49194
6385,49712
6386,48326
6387,48746
6388,49725
6389,48873
6390,50195
6391,48226
6392,49214
6393,47833
6394,47753
6395,49434
6396,47490
6397,47183
6398,47977
6399,47066
6400,49286
6401,49652
6402,45711
6403,49829
6404,46124
6405,48967
6406,49586
6407,51336
6408,45792
6409,49833
6410,49144
6411,49256
6412,47967
6413,50299
6414,50638
6415,50695
6416,44924
6417,49368
6418,47273
6419,49070
6420,44072
6421,49184
6422,50495
6423,49387
6424,50252
6425,50498
6426,53235
6427,49754
6428,48484
6429,51881
6430,47995
6431,49065
6432,48022
6433,50106
6434,44871
6435,45663
6436,45774
6437,47554
6438,48536
6439,51614
6440,50943
6441,48551
6442,53143
6443,46939
6444,45355
6445,51050
6446,49318
6447,50769
6448,50297
6449,51950
6450,49746
6451,48523
6452,49521
6453,49978
6454,50474
6455,49703
6456,49784
6457,50704
6458,50010
6459,45010
6460,51770
6461,49915
6462,45823
6463,47058
6464,50230
6465,45360
6466,50599
6467,50252
6468,47788
6469,49010
6470,47757
6471,48494
6472,50881
6473,50613
6474,49423
6475,50081
6476,49635
6477,50210
6478,49004
6479,49183
6480,47987
6481,50660
6482,50089
6483,44487
6484,48326
6485,50792
6486,50864
6487,49821
6488,50339
6489,45802
6490,50786
6491,47155
6492,48943
6493,51195
6494,48402
6495,49294
6496,48044
6497,50119
6498,50374
6499,48747
6500,48573
6501,50248
6502,48802
6503,50626
6504,51249
6505,50276
6506,49299
6507,48189
6508,50996
6509,46849
6510,49323
6511,45632
6512,46073
6513,52560
6514,49190
6515,47166
6516,48764
6517,45836
6518,50621
6519,50692
6520,50135
6521,49415
6522,51463
6523,48984
6524,45976
6525,50271
6526,48842
6527,45503
6528,47865
6529,50689
6530,47641
6531,46763
6532,51997
6533,49835
6534,49980
6535,48530
6536,49357
6537,50723
6538,50289
6539,46510
6540,46738
6541,48356
6542,50423
6543,49409
6544,47273
6545,51276
6546,45343
6547,49495
6548,48260
6549,51263
6550,52624
6551,48938
6552,51102
6553,52162
6554,49233
6555,46426
6556,50741
6557,48811
6558,51557
6559,50536
6560,51513
6561,48632
6562,50265
6563,47023
6564,48416
6565,47121
6566,45611
6567,49175
6568,51055
6569,51211
6570,46652
6571,51365
6572,52553
6573,49973
6574,51098
6575,46098
6576,50632
6577,49080
6578,50617
6579,50830
6580,50828
6581,50218
6582,52000
6583,50730
6584,48589
6585,50917
6586,50460
6587,47247
6588,48575
6589,49752
6590,52300
6591,52532
6592,49917
6593,52412
6594,51283
6595,48986
6596,51436
6597,52065
6598,49236
6599,50736
6600,50740
6601,49797
6602,48733
6603,49646
6604,51073
6605,51217
6606,48510
6607,46636
6608,51381
6609,45840
6610,47512
6611,51034
6612,52627
6613,50653
6614,51749
6615,51520
6616,51541
6617,52005
6618,50744
6619,51468
6620,51312
6621,51891
6622,51061
