1,158
2,82
3,43
4,46
5,39
6,67
7,71
8,72
9,84
10,62
11,55
12,79
13,89
14,84
15,92
16,156
17,110
18,81
19,70
20,98
21,108
22,96
23,106
24,107
25,98
26,98
27,135
28,139
29,127
30,126
31,156
32,146
33,148
34,152
35,135
36,189
37,132
38,143
39,168
40,166
41,198
42,188
43,220
44,240
45,222
46,212
47,231
48,235
49,224
50,226
51,241
52,244
53,235
54,229
55,268
56,266
57,275
58,246
59,258
60,270
61,286
62,283
63,263
64,277
65,294
66,460
67,330
68,311
69,276
70,270
71,280
72,267
73,271
74,256
75,210
76,284
77,235
78,255
79,227
80,239
81,253
82,266
83,450
84,285
85,237
86,267
87,277
88,271
89,314
90,288
91,268
92,310
93,311
94,285
95,289
96,319
97,302
98,300
99,349
100,352
101,308
102,264
103,335
104,319
105,308
106,396
107,290
108,322
109,353
110,324
111,344
112,347
113,351
114,394
115,371
116,416
117,379
118,390
119,362
120,386
121,408
122,376
123,868
124,405
125,438
126,438
127,10399
128,472
129,383
130,323
131,369
132,403
133,362
134,366
135,409
136,404
137,431
138,390
139,418
140,411
141,391
142,470
143,385
144,391
145,382
146,396
147,465
148,431
149,422
150,401
151,406
152,528
153,410
154,462
155,445
156,419
157,406
158,425
159,399
160,470
161,456
162,536
163,473
164,474
165,569
166,546
167,431
168,474
169,453
170,434
171,488
172,532
173,453
174,502
175,485
176,476
177,469
178,593
179,511
180,471
181,599
182,517
183,475
184,514
185,486
186,514
187,559
188,544
189,647
190,534
191,664
192,551
193,529
194,538
195,638
196,584
197,685
198,548
199,680
200,669
201,535
202,573
203,582
204,642
205,536
206,530
207,642
208,777
209,640
210,812
211,747
212,663
213,612
214,718
215,627
216,722
217,662
218,637
219,649
220,641
221,700
222,682
223,588
224,600
225,730
226,635
227,631
228,744
229,711
230,782
231,680
232,712
233,710
234,840
235,655
236,707
237,767
238,799
239,735
240,732
241,823
242,776
243,967
244,680
245,675
246,815
247,1056
248,780
249,760
250,849
251,947
252,936
253,761
254,758
255,737
256,1037
257,820
258,820
259,974
260,968
261,797
262,788
263,969
264,985
265,1021
266,833
267,776
268,898
269,795
270,806
271,836
272,786
273,830
274,827
275,792
276,880
277,845
278,812
279,839
280,1048
281,815
282,888
283,1049
284,947
285,869
286,926
287,848
288,923
289,909
290,912
291,832
292,960
293,965
294,836
295,1088
296,1001
297,932
298,1019
299,865
300,1168
301,920
302,1122
303,1003
304,942
305,1013
306,991
307,977
308,1072
309,993
310,934
311,953
312,1010
313,1146
314,1023
315,908
316,1290
317,1049
318,1004
319,972
320,1062
321,1023
322,1033
323,948
324,984
325,1238
326,1093
327,1037
328,1123
329,1136
330,1015
331,1110
332,1210
333,1091
334,1084
335,990
336,972
337,1594
338,1154
339,1000
340,1131
341,1271
342,1134
343,1022
344,999
345,1182
346,1072
347,1204
348,1128
349,1360
350,1097
351,1014
352,1340
353,1061
354,1010
355,1315
356,1029
357,1135
358,1231
359,1189
360,1107
361,1173
362,1353
363,1189
364,1204
365,1329
366,1304
367,1226
368,1328
369,1240
370,1206
371,1207
372,1028
373,1135
374,1184
375,1251
376,1478
377,1187
378,1113
379,1315
380,1183
381,1479
382,1151
383,1164
384,1177
385,1309
386,1363
387,1039
388,1216
389,1266
390,1243
391,1376
392,1212
393,1719
394,1378
395,1301
396,1226
397,1205
398,1321
399,1374
400,1385
401,1280
402,1491
403,1399
404,1370
405,1316
406,1379
407,1540
408,1323
409,1363
410,1218
411,1483
412,1351
413,1439
414,1410
415,1335
416,1466
417,1413
418,1351
419,1665
420,1336
421,1426
422,1641
423,1428
424,1457
425,1377
426,1612
427,1389
428,1457
429,1422
430,1420
431,1415
432,1470
433,1411
434,1417
435,1417
436,1617
437,1578
438,1454
439,1358
440,1375
441,1761
442,1398
443,1540
444,1470
445,1428
446,2362
447,1558
448,1393
449,1581
450,1608
451,1663
452,1451
453,1552
454,1596
455,1492
456,1616
457,1431
458,1514
459,1490
460,1472
461,1496
462,1510
463,1549
464,1530
465,1540
466,1762
467,1528
468,1650
469,1668
470,1446
471,1841
472,1698
473,1679
474,1935
475,1516
476,1517
477,1566
478,1603
479,1726
480,1825
481,1602
482,1721
483,1657
484,1641
485,1434
486,1513
487,1856
488,1761
489,1594
490,1636
491,1895
492,1653
493,1890
494,1673
495,1973
496,1901
497,1693
498,1958
499,1635
500,1657
501,1863
502,1714
503,1790
504,1660
505,1908
506,1756
507,1749
508,1752
509,1932
510,2133
511,1774
512,2141
513,1700
514,1903
515,2135
516,1897
517,1792
518,2008
519,1917
520,1846
521,1672
522,2116
523,1971
524,2179
525,2158
526,1971
527,1788
528,1825
529,1719
530,2193
531,2159
532,2013
533,2009
534,1935
535,2142
536,1930
537,2012
538,1903
539,2219
540,2857
541,1964
542,1823
543,2289
544,1954
545,2013
546,2211
547,2242
548,2002
549,2605
550,2082
551,2216
552,2003
553,1934
554,1829
555,2108
556,2435
557,2042
558,1919
559,1913
560,1956
561,2200
562,2189
563,2159
564,2023
565,1980
566,1881
567,2091
568,2078
569,2243
570,2341
571,1918
572,2269
573,1983
574,2466
575,1941
576,2304
577,3091
578,2164
579,2063
580,2572
581,2110
582,1870
583,2483
584,2056
585,1909
586,1914
587,2688
588,2420
589,1978
590,2622
591,2199
592,2258
593,2231
594,2167
595,2145
596,2229
597,2206
598,2273
599,2129
600,2330
601,2224
602,2319
603,2420
604,2396
605,2249
606,2217
607,2277
608,2463
609,2406
610,2457
611,2275
612,2231
613,2438
614,2253
615,2183
616,2320
617,2368
618,2298
619,2340
620,2070
621,2312
622,2435
623,2385
624,2369
625,2157
626,2518
627,2463
628,2352
629,2408
630,2515
631,2634
632,2553
633,2371
634,2314
635,2754
636,2471
637,2442
638,2304
639,2383
640,2457
641,2229
642,2184
643,2470
644,2523
645,2768
646,2762
647,2510
648,2247
649,2636
650,3002
651,2316
652,2354
653,2853
654,2832
655,3097
656,2354
657,2559
658,2770
659,2489
660,2474
661,2436
662,2380
663,2535
664,2521
665,2899
666,2446
667,2795
668,2836
669,2824
670,2589
671,2707
672,2495
673,2472
674,3345
675,2592
676,2362
677,2826
678,2495
679,2989
680,2548
681,2390
682,2926
683,2731
684,2800
685,2606
686,2580
687,2682
688,2982
689,2851
690,2848
691,2875
692,2698
693,2965
694,2666
695,3175
696,2801
697,2999
698,2881
699,2745
700,2771
701,3139
702,2678
703,3219
704,2928
705,2836
706,2811
707,2979
708,2752
709,2865
710,2663
711,3035
712,3013
713,2864
714,3300
715,3159
716,3243
717,2872
718,3051
719,2805
720,3195
721,3221
722,3214
723,3191
724,3032
725,3151
726,3161
727,3224
728,3334
729,3272
730,3382
731,3088
732,2700
733,3241
734,3067
735,3092
736,3169
737,3122
738,3144
739,3424
740,2989
741,3291
742,3449
743,3244
744,3281
745,3173
746,3433
747,3482
748,3343
749,3258
750,3115
751,3146
752,3170
753,3430
754,3475
755,3148
756,3381
757,3354
758,3200
759,3135
760,3583
761,3145
762,3541
763,3030
764,3246
765,3292
766,3391
767,3488
768,3579
769,4327
770,3370
771,3553
772,3534
773,3387
774,3356
775,3815
776,3425
777,3294
778,3633
779,3331
780,3406
781,3510
782,3655
783,3658
784,3065
785,3781
786,3675
787,3533
788,3294
789,3682
790,3695
791,3575
792,3672
793,3818
794,3631
795,3715
796,3947
797,3920
798,4022
799,3637
800,3821
801,3432
802,3556
803,3450
804,3793
805,3154
806,3825
807,4033
808,3611
809,3893
810,3653
811,3685
812,3086
813,4004
814,3866
815,3546
816,3855
817,3682
818,3915
819,4116
820,4263
821,3603
822,3941
823,4413
824,3589
825,4120
826,4375
827,3939
828,3934
829,4139
830,4315
831,4046
832,4452
833,6042
834,4208
835,4332
836,4318
837,4334
838,4040
839,4289
840,4172
841,3861
842,4377
843,4183
844,4218
845,4603
846,4056
847,4548
848,4162
849,4323
850,4221
851,4156
852,3794
853,4109
854,4142
855,4276
856,4014
857,4525
858,3981
859,4849
860,3991
861,4360
862,4219
863,4309
864,4085
865,4776
866,4436
867,4164
868,4126
869,4413
870,4542
871,4984
872,4695
873,5171
874,4566
875,4364
876,4533
877,4898
878,5100
879,4613
880,4066
881,4437
882,4638
883,4647
884,4595
885,4309
886,4873
887,4807
888,5094
889,5013
890,4671
891,4667
892,4525
893,4314
894,5197
895,4833
896,4195
897,4740
898,4220
899,4333
900,4210
901,4608
902,4991
903,4874
904,4398
905,4740
906,4421
907,5284
908,5053
909,4466
910,4702
911,4743
912,5074
913,4545
914,4418
915,4976
916,4808
917,5029
918,5014
919,4134
920,4555
921,5045
922,5360
923,5282
924,4539
925,5183
926,4904
927,5124
928,5010
929,4567
930,5204
931,4692
932,5162
933,4854
934,5655
935,5670
936,5068
937,4929
938,6131
939,5954
940,5326
941,5567
942,5758
943,5192
944,5112
945,5184
946,4754
947,5587
948,5963
949,4737
950,4790
951,5811
952,5534
953,5506
954,5509
955,5409
956,5039
957,5240
958,5733
959,5680
960,5428
961,5278
962,5352
963,5154
964,5652
965,5720
966,5942
967,5647
968,5790
969,6153
970,5118
971,4881
972,5815
973,5273
974,5129
975,6085
976,5052
977,5890
978,5077
979,5741
980,5714
981,5591
982,5341
983,4981
984,6456
985,6325
986,5412
987,4926
988,5150
989,6030
990,5309
991,6491
992,5487
993,6268
994,6154
995,6466
996,5042
997,6612
998,6788
999,6169
1000,6291
1001,6231
1002,5867
1003,5704
1004,6776
1005,5239
1006,5519
1007,6283
1008,5928
1009,5779
1010,5403
1011,6377
1012,6053
1013,5270
1014,6602
1015,5660
1016,6029
1017,6217
1018,5705
1019,5553
1020,6469
1021,5666
1022,5706
1023,5981
1024,5952
1025,6281
1026,6928
1027,6629
1028,6849
1029,5897
1030,6840
1031,5993
1032,6201
1033,5993
1034,7102
1035,5355
1036,5680
1037,6273
1038,6911
1039,6800
1040,5687
1041,7346
1042,6583
1043,6902
1044,6900
1045,7002
1046,5959
1047,6663
1048,6472
1049,6522
1050,6639
1051,6983
1052,7201
1053,6744
1054,5962
1055,6609
1056,6153
1057,7040
1058,6362
1059,6056
1060,5548
1061,6630
1062,6523
1063,7125
1064,7106
1065,7093
1066,6818
1067,6913
1068,7054
1069,6556
1070,6579
1071,6573
1072,7088
1073,7261
1074,6589
1075,6194
1076,6768
1077,7355
1078,6922
1079,6910
1080,7497
1081,6523
1082,7315
1083,7157
1084,6207
1085,6994
1086,7178
1087,7731
1088,6260
1089,7502
1090,6307
1091,7161
1092,7271
1093,7305
1094,6720
1095,7724
1096,7376
1097,7533
1098,6122
1099,6711
1100,7400
1101,6704
1102,7543
1103,7121
1104,6506
1105,6862
1106,7576
1107,6052
1108,7203
1109,6548
1110,5952
1111,7041
1112,6439
1113,6640
1114,7740
1115,6935
1116,7496
1117,6378
1118,7465
1119,6564
1120,6931
1121,7013
1122,7793
1123,7040
1124,7020
1125,7849
1126,6863
1127,7270
1128,7061
1129,7343
1130,7217
1131,8744
1132,7889
1133,8150
1134,7424
1135,7304
1136,7838
1137,7055
1138,6949
1139,8120
1140,7888
1141,7839
1142,7689
1143,6909
1144,6978
1145,8087
1146,8491
1147,8207
1148,8140
1149,8266
1150,7272
1151,7764
1152,8137
1153,7811
1154,6939
1155,8197
1156,7877
1157,7590
1158,7086
1159,6769
1160,6797
1161,7766
1162,7076
1163,7894
1164,8996
1165,8320
1166,7734
1167,8185
1168,8608
1169,7909
1170,7998
1171,6392
1172,7730
1173,8159
1174,7214
1175,8502
1176,6420
1177,7440
1178,9097
1179,9094
1180,8663
1181,7990
1182,8511
1183,7211
1184,7076
1185,8243
1186,8717
1187,7775
1188,7690
1189,8453
1190,8745
1191,7679
1192,8939
1193,7807
1194,8742
1195,6908
1196,7360
1197,8534
1198,9123
1199,8018
1200,7994
1201,8251
1202,7970
1203,7551
1204,7371
1205,8226
1206,7433
1207,8233
1208,8641
1209,9286
1210,7396
1211,8028
1212,7731
1213,7819
1214,7783
1215,8744
1216,9084
1217,8482
1218,7850
1219,8546
1220,9372
1221,9290
1222,9254
1223,7903
1224,8589
1225,7993
1226,8767
1227,7506
1228,9001
1229,8695
1230,7921
1231,9339
1232,8579
1233,9352
1234,9920
1235,8059
1236,8937
1237,8352
1238,9019
1239,8622
1240,8989
1241,9206
1242,9033
1243,9430
1244,9284
1245,9518
1246,9376
1247,9620
1248,8968
1249,8861
1250,9009
1251,9060
1252,7992
1253,9747
1254,8704
1255,9649
1256,8464
1257,7621
1258,9782
1259,9811
1260,10102
1261,10085
1262,10239
1263,9878
1264,9066
1265,9761
1266,7714
1267,8310
1268,9678
1269,8046
1270,9633
1271,7908
1272,10176
1273,9294
1274,7273
1275,9387
1276,10278
1277,8299
1278,9801
1279,9088
1280,9312
1281,8396
1282,10041
1283,10130
1284,9600
1285,9652
1286,9677
1287,9039
1288,9639
1289,9170
1290,9783
1291,9123
1292,9129
1293,9565
1294,10022
1295,10051
1296,9920
1297,10259
1298,9167
1299,9919
1300,8987
1301,9630
1302,8682
1303,10477
1304,8617
1305,8375
1306,10454
1307,10192
1308,8813
1309,9976
1310,9225
1311,9233
1312,10342
1313,10089
1314,8493
1315,9945
1316,8617
1317,9703
1318,9046
1319,9795
1320,9327
1321,9955
1322,10162
1323,9623
1324,9811
1325,9101
1326,10959
1327,9992
1328,9879
1329,9429
1330,10732
1331,9720
1332,10253
1333,10970
1334,9128
1335,9262
1336,9856
1337,9712
1338,9123
1339,9821
1340,9935
1341,9704
1342,8838
1343,9415
1344,9060
1345,10858
1346,10127
1347,10284
1348,10208
1349,10715
1350,10372
1351,10355
1352,10482
1353,9998
1354,10473
1355,8940
1356,9674
1357,9695
1358,9290
1359,9462
1360,10806
1361,10688
1362,10745
1363,8977
1364,9575
1365,10844
1366,9578
1367,10651
1368,10115
1369,10713
1370,11049
1371,9260
1372,10395
1373,11627
1374,9437
1375,10712
1376,10819
1377,9711
1378,10871
1379,9625
1380,9424
1381,10390
1382,10422
1383,9043
1384,9401
1385,10917
1386,11347
1387,10728
1388,10829
1389,10150
1390,9596
1391,9992
1392,11145
1393,9333
1394,11619
1395,11177
1396,11062
1397,10335
1398,11067
1399,11376
1400,10467
1401,10402
1402,10458
1403,9042
1404,10007
1405,9368
1406,11028
1407,11013
1408,12312
1409,9496
1410,10446
1411,10095
1412,10461
1413,9817
1414,10329
1415,11827
1416,9668
1417,10107
1418,10439
1419,11436
1420,10506
1421,10068
1422,10353
1423,10553
1424,11386
1425,11054
1426,11196
1427,10187
1428,11723
1429,10971
1430,11227
1431,9678
1432,11493
1433,11584
1434,10942
1435,10931
1436,10210
1437,9192
1438,10509
1439,10268
1440,12403
1441,11126
1442,10736
1443,12253
1444,12208
1445,11434
1446,11852
1447,11400
1448,11560
1449,11188
1450,10902
1451,11827
1452,12171
1453,9944
1454,10687
1455,9789
1456,10909
1457,12042
1458,10189
1459,11359
1460,12466
1461,10550
1462,12934
1463,11480
1464,10362
1465,11103
1466,11687
1467,12470
1468,12452
1469,11861
1470,10684
1471,10735
1472,12695
1473,11985
1474,12881
1475,12990
1476,12415
1477,10946
1478,12915
1479,11210
1480,10963
1481,12305
1482,12251
1483,12700
1484,11525
1485,10176
1486,12619
1487,10781
1488,9824
1489,12477
1490,13053
1491,11498
1492,10663
1493,12618
1494,12676
1495,11081
1496,13519
1497,10799
1498,11782
1499,11287
1500,10737
1501,11122
1502,12605
1503,10849
1504,10548
1505,12267
1506,10370
1507,11384
1508,11085
1509,11776
1510,11208
1511,10946
1512,11014
1513,11305
1514,12927
1515,11119
1516,12636
1517,11340
1518,10956
1519,10933
1520,10587
1521,12172
1522,11824
1523,10055
1524,11269
1525,12217
1526,12189
1527,11302
1528,12830
1529,13789
1530,11038
1531,12112
1532,12987
1533,12909
1534,11705
1535,13186
1536,11472
1537,11994
1538,10816
1539,12457
1540,11223
1541,12828
1542,10988
1543,11071
1544,10766
1545,13304
1546,11410
1547,11218
1548,12781
1549,12173
1550,12499
1551,10954
1552,11466
1553,13836
1554,15500
1555,12997
1556,11302
1557,12514
1558,12143
1559,13213
1560,11922
1561,10984
1562,11672
1563,12708
1564,12896
1565,13006
1566,10709
1567,13175
1568,14870
1569,11584
1570,11638
1571,11700
1572,12901
1573,12332
1574,11589
1575,12231
1576,13951
1577,12596
1578,11394
1579,13348
1580,14353
1581,14046
1582,14455
1583,12215
1584,12586
1585,11915
1586,13362
1587,12201
1588,11912
1589,13564
1590,12732
1591,11573
1592,13793
1593,12175
1594,12593
1595,13544
1596,13396
1597,13541
1598,12234
1599,12078
1600,12538
1601,12239
1602,13191
1603,13416
1604,11690
1605,12575
1606,11972
1607,14397
1608,12119
1609,14559
1610,11990
1611,14262
1612,13860
1613,12964
1614,12235
1615,12887
1616,11683
1617,11831
1618,13897
1619,13355
1620,13060
1621,13926
1622,14065
1623,14408
1624,13766
1625,13149
1626,14664
1627,12223
1628,12949
1629,13124
1630,13522
1631,13778
1632,12257
1633,12596
1634,14450
1635,14565
1636,12737
1637,14105
1638,12310
1639,14471
1640,11582
1641,13734
1642,11812
1643,13495
1644,11857
1645,14382
1646,14268
1647,12969
1648,12855
1649,12264
1650,14341
1651,12326
1652,14417
1653,14027
1654,12971
1655,12755
1656,14676
1657,12900
1658,14176
1659,13182
1660,13858
1661,14316
1662,12973
1663,12308
1664,13967
1665,14428
1666,14890
1667,11996
1668,13627
1669,14500
1670,13277
1671,14307
1672,13094
1673,12287
1674,13098
1675,12889
1676,15474
1677,13234
1678,14593
1679,13907
1680,12525
1681,12971
1682,14886
1683,14262
1684,13650
1685,14281
1686,14222
1687,14415
1688,14637
1689,13484
1690,13506
1691,13537
1692,14510
1693,15152
1694,14230
1695,13017
1696,12562
1697,13116
1698,14226
1699,14576
1700,13170
1701,12542
1702,14970
1703,12691
1704,13927
1705,13728
1706,14792
1707,15548
1708,15816
1709,13912
1710,14104
1711,14616
1712,14754
1713,14647
1714,14966
1715,13412
1716,14694
1717,14683
1718,14198
1719,14180
1720,15598
1721,15346
1722,13592
1723,15073
1724,16389
1725,13809
1726,14406
1727,14760
1728,14862
1729,14524
1730,15357
1731,15370
1732,15863
1733,14512
1734,13478
1735,13053
1736,13465
1737,14004
1738,14845
1739,14241
1740,14551
1741,14066
1742,13802
1743,14588
1744,14452
1745,15399
1746,14518
1747,14322
1748,15020
1749,13068
1750,14138
1751,15343
1752,14429
1753,13716
1754,15751
1755,13759
1756,15783
1757,15112
1758,16145
1759,16341
1760,15392
1761,15101
1762,15577
1763,14103
1764,15790
1765,16311
1766,15906
1767,15372
1768,15571
1769,16124
1770,15762
1771,14518
1772,14576
1773,15823
1774,13491
1775,15806
1776,16088
1777,14319
1778,14031
1779,15436
1780,13514
1781,14096
1782,13368
1783,14104
1784,13471
1785,15794
1786,15232
1787,14549
1788,13353
1789,14220
1790,14352
1791,13743
1792,14074
1793,14598
1794,14961
1795,15906
1796,15663
1797,15241
1798,14114
1799,14712
1800,15483
1801,15637
1802,15587
1803,14441
1804,16190
1805,14015
1806,14752
1807,15090
1808,14032
1809,14491
1810,14148
1811,15648
1812,16076
1813,16133
1814,16203
1815,15393
1816,14146
1817,13607
1818,15900
1819,13433
1820,15913
1821,14079
1822,16207
1823,16531
1824,13663
1825,13704
1826,15956
1827,15007
1828,16043
1829,14902
1830,13281
1831,14668
1832,16663
1833,15592
1834,14485
1835,15443
1836,13797
1837,14605
1838,14355
1839,15380
1840,14757
1841,15340
1842,15785
1843,13978
1844,16423
1845,15196
1846,16558
1847,16954
1848,15330
1849,14755
1850,15133
1851,14838
1852,15030
1853,15859
1854,14916
1855,15340
1856,17065
1857,16769
1858,15365
1859,15161
1860,14537
1861,14581
1862,15433
1863,16498
1864,15561
1865,15507
1866,15014
1867,14624
1868,17120
1869,15125
1870,16525
1871,14574
1872,16810
1873,16950
1874,15434
1875,16963
1876,15793
1877,14121
1878,15510
1879,14778
1880,14034
1881,15246
1882,16835
1883,15148
1884,16445
1885,17205
1886,15669
1887,16309
1888,15511
1889,15008
1890,17377
1891,15044
1892,17651
1893,16997
1894,15905
1895,15595
1896,16881
1897,16075
1898,16529
1899,15702
1900,18198
1901,17301
1902,16052
1903,16595
1904,16318
1905,14565
1906,16285
1907,14639
1908,17070
1909,17129
1910,18254
1911,16580
1912,15462
1913,16340
1914,16257
1915,15426
1916,16579
1917,15289
1918,15111
1919,16766
1920,16038
1921,16162
1922,17182
1923,15781
1924,19465
1925,15811
1926,15548
1927,15421
1928,17180
1929,16240
1930,15533
1931,15518
1932,15730
1933,17740
1934,15956
1935,17317
1936,16367
1937,17337
1938,17199
1939,15210
1940,15742
1941,16121
1942,16363
1943,15813
1944,16523
1945,18270
1946,19057
1947,15678
1948,16554
1949,16793
1950,17679
1951,16562
1952,16097
1953,16240
1954,17277
1955,17976
1956,18907
1957,16638
1958,17060
1959,18195
1960,18168
1961,18134
1962,17602
1963,18158
1964,16040
1965,16000
1966,16735
1967,16924
1968,16472
1969,16964
1970,17683
1971,17506
1972,18056
1973,18135
1974,18362
1975,17354
1976,17648
1977,17099
1978,18308
1979,17735
1980,16017
1981,16041
1982,17049
1983,18212
1984,16607
1985,17370
1986,16420
1987,17251
1988,18164
1989,17260
1990,18166
1991,17019
1992,16634
1993,17983
1994,17484
1995,16235
1996,17230
1997,16983
1998,18343
1999,16520
2000,16695
2001,17030
2002,18531
2003,17660
2004,16091
2005,18059
2006,16977
2007,18584
2008,17838
2009,17259
2010,17616
2011,17399
2012,17729
2013,17399
2014,18492
2015,16774
2016,17535
2017,16471
2018,18873
2019,17439
2020,18042
2021,17243
2022,18206
2023,17618
2024,18535
2025,18954
2026,18486
2027,18913
2028,17790
2029,17093
2030,16623
2031,17091
2032,16906
2033,17696
2034,16445
2035,18381
2036,18021
2037,17175
2038,16209
2039,15583
2040,16484
2041,18324
2042,18016
2043,17847
2044,18436
2045,17398
2046,16873
2047,18107
2048,15725
2049,17276
2050,16978
2051,18054
2052,17789
2053,17412
2054,19293
2055,19008
2056,17510
2057,17098
2058,18776
2059,16747
2060,17571
2061,19010
2062,18186
2063,19479
2064,17770
2065,17922
2066,16826
2067,17790
2068,17978
2069,17267
2070,17752
2071,20113
2072,17315
2073,18969
2074,17134
2075,18110
2076,17507
2077,19445
2078,17325
2079,19640
2080,17621
2081,18939
2082,18222
2083,18015
2084,18405
2085,18740
2086,16615
2087,17754
2088,18190
2089,17391
2090,17624
2091,16789
2092,18193
2093,18489
2094,18967
2095,20500
2096,19110
2097,18785
2098,18887
2099,18898
2100,20362
2101,18849
2102,18222
2103,17648
2104,19111
2105,18832
2106,17880
2107,18329
2108,20327
2109,19350
2110,18315
2111,18498
2112,18239
2113,19074
2114,17946
2115,16921
2116,16780
2117,17979
2118,18443
2119,19619
2120,16815
2121,20155
2122,18348
2123,17812
2124,17694
2125,19338
2126,19290
2127,19330
2128,16715
2129,18278
2130,18203
2131,18874
2132,18560
2133,17021
2134,18380
2135,18816
2136,19704
2137,17456
2138,20169
2139,18747
2140,18079
2141,20490
2142,20481
2143,19527
2144,19281
2145,20478
2146,18684
2147,20281
2148,19724
2149,19644
2150,19190
2151,18940
2152,19199
2153,19203
2154,19717
2155,19909
2156,19261
2157,17870
2158,18395
2159,19646
2160,17035
2161,18859
2162,17347
2163,19328
2164,19003
2165,18290
2166,18141
2167,18024
2168,18603
2169,18922
2170,18915
2171,18679
2172,20301
2173,20253
2174,18586
2175,18862
2176,20558
2177,17608
2178,17967
2179,18664
2180,19512
2181,19019
2182,19303
2183,19088
2184,17937
2185,17441
2186,18211
2187,18771
2188,19584
2189,19747
2190,18515
2191,19221
2192,18884
2193,19268
2194,20788
2195,20769
2196,19983
2197,18528
2198,18713
2199,18728
2200,19898
2201,20000
2202,20123
2203,19885
2204,18160
2205,20892
2206,19155
2207,20354
2208,19901
2209,21413
2210,21304
2211,21445
2212,20322
2213,19693
2214,21737
2215,20688
2216,19190
2217,18029
2218,19864
2219,18017
2220,20285
2221,19889
2222,20444
2223,20590
2224,19802
2225,19731
2226,18901
2227,20085
2228,19031
2229,19851
2230,20034
2231,20433
2232,18809
2233,21070
2234,19603
2235,19712
2236,21942
2237,19948
2238,19622
2239,21192
2240,20518
2241,19416
2242,21488
2243,21810
2244,18207
2245,19980
2246,20668
2247,21731
2248,19060
2249,18464
2250,19739
2251,19286
2252,21344
2253,22058
2254,19218
2255,20774
2256,20878
2257,20771
2258,20339
2259,18073
2260,19662
2261,20963
2262,19480
2263,20034
2264,20391
2265,19275
2266,20606
2267,19105
2268,21210
2269,19786
2270,20088
2271,22029
2272,20445
2273,18158
2274,19052
2275,19664
2276,21055
2277,19930
2278,22486
2279,22109
2280,20250
2281,20408
2282,21070
2283,21749
2284,22342
2285,20938
2286,21404
2287,22277
2288,19690
2289,19248
2290,19380
2291,20440
2292,20310
2293,20918
2294,20922
2295,19755
2296,20462
2297,20083
2298,21494
2299,21084
2300,20716
2301,19617
2302,21180
2303,22056
2304,19260
2305,21784
2306,20580
2307,20034
2308,19719
2309,20291
2310,22207
2311,21449
2312,18477
2313,20972
2314,20706
2315,22283
2316,21720
2317,21050
2318,20881
2319,20741
2320,19557
2321,21126
2322,22103
2323,22154
2324,20195
2325,22517
2326,22329
2327,19284
2328,20977
2329,21014
2330,20098
2331,20245
2332,21941
2333,21215
2334,20312
2335,22036
2336,20977
2337,20789
2338,21180
2339,22492
2340,20330
2341,19809
2342,20698
2343,20867
2344,19534
2345,20392
2346,19805
2347,23468
2348,22623
2349,21587
2350,22879
2351,20453
2352,20563
2353,20420
2354,19840
2355,21959
2356,22832
2357,19841
2358,22392
2359,20409
2360,22542
2361,22570
2362,19548
2363,19426
2364,22425
2365,22930
2366,21922
2367,21907
2368,22909
2369,20360
2370,22053
2371,22098
2372,21247
2373,21433
2374,21402
2375,24072
2376,22639
2377,24544
2378,23122
2379,23664
2380,22110
2381,22498
2382,21467
2383,22853
2384,21354
2385,21138
2386,23096
2387,22336
2388,22963
2389,22862
2390,21747
2391,21440
2392,22069
2393,21085
2394,22956
2395,22991
2396,22412
2397,21407
2398,20858
2399,21755
2400,21949
2401,22246
2402,22530
2403,21365
2404,21343
2405,22422
2406,21852
2407,21218
2408,24885
2409,22852
2410,20413
2411,22629
2412,23593
2413,21848
2414,22170
2415,21212
2416,23484
2417,21753
2418,23296
2419,22388
2420,22474
2421,20964
2422,22437
2423,19948
2424,20482
2425,23203
2426,23822
2427,22552
2428,21320
2429,22724
2430,21395
2431,21832
2432,21078
2433,20668
2434,22101
2435,22572
2436,22569
2437,23275
2438,22228
2439,23663
2440,24082
2441,20410
2442,22016
2443,23737
2444,23346
2445,21788
2446,21507
2447,22137
2448,20288
2449,23666
2450,22483
2451,23798
2452,21419
2453,22002
2454,21522
2455,20974
2456,21573
2457,22557
2458,21898
2459,21330
2460,24246
2461,22995
2462,22653
2463,21996
2464,21310
2465,23536
2466,24578
2467,23081
2468,22463
2469,23614
2470,23676
2471,21938
2472,20331
2473,24201
2474,23298
2475,23905
2476,23312
2477,23190
2478,22127
2479,22660
2480,24607
2481,22402
2482,24534
2483,24095
2484,22109
2485,23802
2486,22085
2487,24098
2488,22415
2489,20100
2490,21773
2491,23996
2492,23363
2493,23240
2494,23828
2495,21493
2496,21378
2497,21726
2498,23498
2499,22165
2500,22674
2501,22202
2502,21461
2503,23949
2504,22860
2505,25397
2506,21314
2507,23097
2508,22773
2509,23759
2510,24024
2511,22738
2512,24454
2513,22948
2514,23290
2515,22132
2516,23633
2517,22202
2518,21193
2519,23084
2520,22986
2521,22255
2522,24204
2523,22255
2524,23330
2525,24735
2526,23083
2527,22262
2528,23876
2529,22783
2530,22959
2531,23737
2532,22690
2533,22105
2534,21861
2535,23502
2536,22694
2537,22984
2538,23602
2539,22658
2540,24808
2541,23710
2542,21207
2543,23523
2544,24021
2545,23262
2546,22871
2547,25409
2548,22011
2549,23298
2550,23105
2551,23034
2552,23337
2553,24144
2554,22449
2555,23283
2556,23926
2557,23906
2558,23428
2559,24541
2560,21427
2561,22744
2562,23871
2563,24057
2564,21839
2565,23132
2566,24067
2567,24468
2568,24976
2569,22088
2570,23380
2571,22435
2572,23337
2573,25227
2574,22885
2575,25135
2576,23242
2577,24335
2578,24904
2579,25084
2580,25688
2581,24628
2582,23811
2583,23283
2584,23549
2585,24378
2586,23805
2587,24629
2588,23355
2589,22619
2590,22928
2591,23331
2592,23996
2593,25073
2594,26150
2595,23259
2596,24296
2597,21570
2598,24612
2599,23091
2600,24178
2601,25829
2602,25393
2603,23038
2604,24077
2605,24963
2606,25361
2607,25253
2608,24282
2609,24827
2610,25138
2611,21546
2612,24962
2613,25864
2614,23937
2615,25053
2616,25994
2617,25141
2618,24541
2619,22376
2620,24641
2621,23500
2622,23860
2623,23011
2624,23462
2625,22864
2626,24651
2627,23057
2628,24577
2629,25787
2630,25159
2631,26130
2632,24997
2633,26190
2634,24975
2635,25064
2636,26556
2637,26151
2638,25802
2639,25348
2640,24530
2641,25149
2642,23952
2643,27089
2644,25091
2645,24634
2646,23626
2647,26289
2648,25732
2649,25320
2650,26450
2651,23903
2652,23030
2653,25091
2654,26982
2655,24428
2656,24647
2657,25580
2658,25866
2659,27552
2660,23015
2661,26494
2662,23281
2663,24066
2664,26614
2665,23327
2666,24989
2667,27061
2668,23361
2669,26368
2670,24162
2671,24242
2672,26261
2673,24014
2674,27045
2675,25116
2676,23161
2677,26665
2678,26563
2679,25179
2680,24792
2681,24945
2682,25772
2683,26717
2684,26079
2685,25199
2686,25830
2687,25666
2688,24705
2689,26157
2690,25548
2691,25383
2692,24525
2693,26939
2694,26199
2695,27249
2696,27274
2697,25838
2698,27670
2699,26829
2700,25641
2701,24540
2702,23045
2703,24582
2704,25852
2705,26841
2706,26511
2707,25081
2708,25802
2709,24489
2710,24961
2711,23607
2712,23495
2713,25697
2714,26914
2715,24405
2716,25065
2717,27203
2718,25645
2719,25804
2720,25357
2721,25255
2722,26437
2723,25545
2724,26839
2725,25149
2726,23091
2727,25396
2728,24329
2729,23560
2730,25150
2731,26954
2732,24786
2733,27179
2734,25009
2735,26757
2736,26768
2737,23224
2738,24749
2739,26055
2740,25258
2741,26788
2742,24604
2743,25700
2744,26705
2745,25923
2746,25321
2747,25184
2748,27715
2749,26642
2750,25278
2751,27195
2752,25428
2753,24750
2754,25598
2755,27551
2756,27503
2757,27295
2758,25950
2759,25277
2760,27225
2761,26046
2762,27506
2763,27187
2764,27469
2765,26799
2766,25749
2767,27733
2768,26730
2769,27980
2770,25598
2771,25933
2772,25975
2773,25731
2774,25563
2775,25272
2776,25302
2777,27814
2778,25803
2779,27325
2780,27530
2781,26144
2782,26890
2783,26588
2784,27478
2785,27627
2786,25636
2787,25660
2788,27887
2789,24885
2790,24485
2791,28251
2792,26197
2793,27879
2794,25842
2795,24833
2796,25610
2797,27455
2798,25672
2799,27866
2800,28339
2801,24606
2802,25453
2803,25406
2804,24711
2805,24527
2806,26272
2807,25181
2808,28968
2809,25934
2810,27131
2811,26067
2812,25950
2813,27698
2814,25917
2815,27494
2816,27936
2817,26149
2818,26723
2819,28188
2820,26400
2821,28078
2822,27173
2823,25677
2824,28327
2825,27277
2826,28857
2827,28001
2828,26877
2829,26788
2830,27031
2831,27075
2832,26207
2833,26020
2834,26821
2835,28429
2836,26178
2837,28943
2838,25433
2839,27982
2840,24832
2841,28090
2842,28327
2843,28992
2844,27649
2845,26304
2846,25364
2847,27794
2848,28093
2849,28637
2850,26282
2851,29300
2852,26434
2853,28767
2854,26918
2855,26484
2856,29328
2857,26594
2858,27583
2859,25213
2860,28647
2861,29199
2862,29177
2863,27209
2864,27701
2865,29495
2866,28428
2867,25621
2868,27971
2869,27962
2870,26317
2871,26544
2872,26838
2873,28363
2874,27024
2875,26902
2876,28989
2877,26129
2878,28282
2879,29791
2880,27013
2881,27541
2882,27860
2883,27311
2884,28645
2885,27320
2886,27011
2887,28801
2888,25454
2889,28729
2890,27238
2891,28319
2892,26927
2893,27846
2894,27841
2895,27628
2896,27740
2897,26812
2898,26004
2899,25947
2900,26226
2901,28933
2902,28646
2903,29604
2904,24967
2905,26623
2906,28915
2907,26617
2908,27886
2909,28944
2910,29047
2911,27663
2912,26805
2913,27662
2914,25820
2915,28182
2916,27848
2917,27819
2918,27227
2919,27084
2920,28289
2921,26759
2922,27355
2923,29451
2924,27259
2925,27786
2926,27593
2927,29144
2928,26925
2929,26703
2930,25956
2931,28326
2932,29279
2933,28371
2934,26963
2935,26608
2936,27903
2937,26615
2938,29361
2939,26643
2940,28159
2941,25931
2942,29519
2943,27430
2944,30980
2945,26681
2946,25794
2947,28218
2948,27664
2949,28199
2950,26923
2951,26462
2952,29313
2953,29056
2954,27488
2955,30212
2956,27617
2957,26086
2958,27149
2959,28188
2960,29755
2961,28054
2962,28660
2963,27887
2964,29689
2965,25390
2966,27981
2967,29055
2968,28434
2969,29812
2970,28354
2971,27963
2972,29272
2973,28799
2974,28889
2975,30166
2976,28316
2977,28348
2978,28080
2979,27665
2980,29160
2981,28204
2982,28691
2983,28948
2984,30779
2985,29580
2986,28624
2987,27251
2988,29592
2989,30247
2990,27837
2991,27378
2992,28848
2993,29951
2994,28575
2995,27080
2996,29253
2997,29945
2998,28147
2999,29396
3000,28281
3001,29549
3002,30011
3003,29894
3004,29031
3005,29731
3006,30490
3007,29100
3008,28543
3009,28986
3010,27770
3011,26518
3012,29038
3013,32542
3014,28431
3015,29658
3016,29661
3017,31716
3018,28869
3019,29488
3020,30112
3021,28554
3022,29227
3023,29541
3024,30241
3025,29347
3026,28599
3027,29895
3028,29592
3029,27894
3030,28181
3031,28511
3032,30130
3033,26490
3034,27096
3035,27626
3036,30535
3037,27401
3038,29506
3039,29452
3040,28912
3041,30365
3042,29800
3043,28780
3044,30028
3045,30840
3046,31133
3047,30713
3048,28427
3049,30024
3050,29394
3051,30993
3052,29925
3053,29495
3054,28471
3055,28528
3056,30836
3057,29570
3058,29177
3059,32438
3060,30451
3061,28187
3062,29302
3063,27486
3064,28989
3065,30581
3066,30535
3067,30470
3068,28715
3069,31752
3070,30468
3071,30398
3072,28440
3073,30256
3074,28500
3075,29475
3076,29595
3077,28556
3078,27891
3079,30216
3080,29437
3081,29523
3082,29163
3083,29907
3084,29084
3085,30410
3086,29799
3087,30978
3088,29046
3089,31212
3090,30080
3091,31033
3092,29566
3093,30982
3094,28677
3095,28487
3096,28529
3097,29744
3098,31157
3099,31886
3100,30968
3101,30510
3102,29809
3103,30070
3104,28867
3105,30574
3106,31684
3107,31137
3108,30558
3109,30791
3110,29021
3111,27757
3112,28747
3113,28268
3114,29128
3115,32378
3116,30250
3117,29777
3118,29952
3119,29223
3120,30036
3121,30193
3122,29108
3123,30595
3124,31053
3125,31211
3126,29925
3127,29224
3128,29950
3129,26683
3130,31736
3131,28954
3132,29488
3133,28450
3134,31324
3135,30711
3136,29591
3137,29733
3138,29184
3139,30331
3140,30301
3141,30620
3142,30302
3143,30119
3144,32032
3145,31407
3146,29668
3147,30847
3148,30462
3149,29890
3150,30208
3151,29953
3152,32702
3153,30625
3154,29325
3155,31027
3156,33462
3157,30869
3158,32762
3159,29257
3160,32417
3161,29701
3162,28994
3163,31620
3164,29049
3165,29832
3166,30472
3167,32849
3168,29414
3169,31860
3170,31382
3171,31088
3172,30886
3173,32058
3174,32456
3175,30596
3176,31421
3177,28433
3178,31279
3179,32913
3180,30014
3181,31409
3182,30972
3183,30828
3184,30929
3185,32196
3186,32685
3187,28307
3188,30479
3189,32645
3190,29229
3191,32089
3192,30797
3193,31206
3194,30523
3195,32087
3196,31370
3197,32103
3198,30431
3199,31688
3200,30556
3201,32522
3202,30157
3203,30124
3204,32319
3205,31336
3206,32831
3207,32728
3208,32586
3209,32503
3210,33195
3211,29670
3212,32184
3213,28947
3214,30263
3215,31656
3216,31274
3217,32801
3218,31612
3219,31190
3220,32571
3221,33471
3222,31773
3223,32164
3224,30565
3225,30735
3226,28907
3227,31567
3228,32161
3229,30041
3230,31689
3231,32341
3232,31283
3233,30937
3234,33459
3235,33087
3236,32405
3237,33063
3238,31391
3239,30761
3240,30582
3241,32842
3242,30310
3243,31507
3244,30551
3245,32375
3246,30847
3247,30947
3248,31996
3249,32021
3250,33495
3251,33034
3252,32826
3253,30388
3254,31378
3255,34690
3256,33783
3257,33504
3258,33563
3259,33404
3260,33216
3261,32878
3262,33094
3263,31058
3264,33813
3265,32392
3266,31245
3267,33324
3268,31865
3269,31097
3270,33406
3271,31401
3272,30189
3273,33066
3274,32825
3275,31348
3276,31621
3277,31513
3278,30814
3279,30549
3280,31139
3281,33272
3282,30606
3283,35058
3284,34205
3285,33566
3286,31719
3287,31946
3288,33815
3289,33662
3290,34298
3291,33384
3292,32581
3293,36877
3294,32360
3295,32511
3296,32833
3297,33175
3298,34105
3299,32726
3300,32702
3301,31687
3302,32578
3303,30909
3304,33597
3305,33766
3306,34230
3307,33148
3308,29423
3309,33584
3310,31986
3311,32444
3312,29381
3313,33441
3314,33488
3315,32634
3316,34346
3317,33209
3318,30103
3319,31583
3320,33945
3321,31738
3322,34084
3323,33959
3324,32440
3325,33549
3326,30529
3327,33429
3328,32835
3329,33129
3330,33438
3331,33333
3332,33103
3333,31102
3334,29344
3335,34437
3336,33294
3337,33870
3338,34470
3339,32975
3340,32447
3341,33261
3342,31310
3343,32686
3344,33178
3345,32482
3346,33602
3347,33547
3348,33817
3349,32722
3350,34876
3351,33217
3352,31257
3353,33750
3354,32131
3355,33494
3356,32777
3357,33042
3358,30368
3359,34354
3360,30569
3361,31842
3362,32847
3363,32330
3364,32147
3365,29932
3366,33362
3367,30878
3368,35712
3369,34111
3370,33502
3371,29573
3372,33944
3373,33901
3374,35039
3375,31627
3376,34354
3377,33419
3378,33863
3379,32648
3380,31720
3381,34900
3382,32962
3383,35116
3384,34265
3385,33264
3386,33971
3387,34499
3388,35056
3389,34980
3390,34017
3391,35167
3392,34554
3393,36691
3394,33619
3395,34312
3396,32250
3397,33856
3398,33086
3399,35082
3400,34056
3401,35569
3402,32126
3403,34382
3404,34669
3405,34196
3406,31336
3407,34440
3408,38648
3409,33442
3410,30609
3411,34531
3412,34567
3413,34367
3414,33073
3415,34828
3416,34565
3417,32792
3418,35687
3419,33122
3420,35537
3421,33659
3422,33077
3423,32331
3424,33315
3425,33585
3426,32549
3427,32709
3428,32381
3429,32855
3430,33241
3431,34736
3432,36901
3433,35952
3434,34281
3435,33745
3436,33085
3437,34168
3438,35256
3439,33330
3440,30957
3441,36501
3442,36021
3443,35421
3444,33818
3445,35379
3446,33043
3447,32727
3448,35779
3449,34698
3450,33559
3451,32893
3452,34466
3453,37933
3454,34686
3455,34788
3456,34504
3457,33677
3458,33622
3459,33805
3460,33642
3461,33010
3462,35032
3463,36555
3464,34367
3465,34651
3466,35163
3467,36046
3468,37136
3469,35865
3470,34118
3471,35617
3472,36524
3473,34906
3474,35367
3475,35151
3476,35886
3477,36858
3478,35756
3479,35222
3480,32244
3481,37026
3482,34477
3483,35816
3484,35094
3485,34730
3486,35918
3487,33579
3488,35847
3489,36469
3490,36677
3491,36856
3492,31626
3493,36833
3494,34349
3495,35323
3496,36440
3497,34735
3498,34627
3499,33564
3500,34615
3501,35842
3502,35732
3503,34559
3504,34764
3505,36434
3506,33826
3507,34546
3508,34851
3509,37003
3510,36157
3511,35342
3512,35004
3513,37202
3514,37702
3515,34235
3516,37756
3517,33712
3518,32968
3519,36495
3520,35299
3521,36202
3522,35970
3523,35046
3524,35965
3525,34675
3526,36202
3527,34617
3528,36094
3529,36492
3530,34846
3531,34681
3532,35661
3533,35425
3534,36316
3535,34435
3536,35254
3537,36519
3538,37174
3539,37149
3540,34275
3541,36914
3542,33646
3543,35700
3544,34328
3545,36088
3546,35951
3547,34257
3548,35157
3549,35940
3550,33776
3551,34851
3552,34376
3553,36877
3554,34464
3555,37416
3556,35393
3557,32650
3558,35134
3559,35063
3560,36363
3561,33389
3562,36493
3563,34871
3564,35707
3565,36028
3566,34385
3567,35281
3568,37308
3569,37124
3570,37643
3571,37641
3572,39853
3573,39939
3574,37858
3575,37551
3576,34145
3577,38204
3578,37189
3579,36074
3580,36955
3581,36723
3582,36400
3583,37563
3584,36485
3585,34052
3586,37049
3587,35610
3588,36242
3589,37910
3590,35658
3591,37155
3592,37658
3593,37821
3594,36127
3595,37768
3596,37680
3597,36092
3598,35232
3599,35600
3600,34795
3601,33554
3602,33450
3603,36611
3604,36191
3605,36569
3606,37841
3607,34381
3608,32554
3609,37818
3610,33477
3611,36278
3612,37945
3613,37945
3614,36190
3615,34974
3616,38104
3617,36620
3618,37182
3619,36767
3620,35276
3621,34755
3622,35080
3623,36775
3624,37156
3625,34348
3626,36904
3627,34518
3628,36859
3629,35769
3630,37114
3631,37021
3632,34833
3633,38653
3634,37365
3635,38571
3636,40128
3637,39060
3638,36371
3639,38057
3640,36266
3641,39329
3642,38444
3643,35886
3644,38538
3645,37733
3646,36393
3647,36569
3648,36790
3649,36256
3650,37655
3651,37394
3652,37598
3653,36365
3654,38795
3655,32869
3656,36669
3657,37114
3658,35888
3659,38973
3660,37773
3661,37676
3662,37325
3663,37850
3664,38260
3665,37164
3666,35720
3667,38434
3668,38522
3669,37980
3670,38505
3671,37709
3672,34888
3673,35430
3674,37065
3675,36976
3676,36022
3677,36001
3678,37532
3679,35104
3680,35643
3681,38138
3682,38231
3683,36778
3684,36590
3685,33451
3686,37131
3687,38487
3688,37737
3689,36726
3690,37147
3691,37195
3692,36890
3693,38784
3694,37084
3695,37697
3696,39314
3697,37467
3698,40529
3699,38180
3700,35085
3701,37895
3702,37146
3703,38379
3704,38013
3705,37483
3706,38228
3707,36255
3708,37878
3709,38663
3710,38626
3711,35893
3712,36721
3713,36695
3714,38888
3715,37793
3716,38541
3717,35800
3718,37303
3719,39658
3720,35878
3721,37529
3722,37057
3723,39770
3724,38063
3725,38743
3726,37714
3727,37185
3728,36806
3729,37514
3730,35244
3731,38909
3732,37520
3733,38602
3734,38286
3735,39043
3736,37290
3737,36732
3738,35844
3739,35012
3740,37468
3741,40078
3742,38541
3743,39389
3744,37965
3745,39601
3746,36734
3747,38870
3748,38280
3749,39578
3750,39254
3751,39177
3752,38120
3753,37298
3754,37660
3755,36867
3756,39963
3757,35639
3758,36750
3759,37403
3760,36493
3761,39618
3762,38989
3763,38177
3764,37391
3765,38940
3766,37924
3767,39958
3768,40278
3769,38713
3770,39435
3771,38811
3772,37829
3773,37544
3774,40575
3775,39065
3776,37779
3777,40538
3778,39481
3779,38389
3780,39118
3781,39280
3782,38722
3783,38248
3784,38341
3785,38261
3786,38249
3787,40231
3788,39636
3789,41205
3790,36694
3791,37430
3792,39745
3793,39727
3794,42632
3795,39553
3796,38900
3797,39104
3798,38462
3799,39904
3800,39296
3801,37326
3802,39061
3803,38225
3804,39160
3805,39324
3806,41071
3807,39177
3808,35212
3809,39181
3810,40697
3811,40087
3812,39198
3813,37160
3814,39277
3815,39176
3816,39239
3817,39460
3818,38703
3819,39948
3820,38929
3821,36092
3822,38868
3823,37321
3824,40268
3825,39590
3826,38225
3827,39974
3828,39485
3829,37431
3830,40551
3831,37619
3832,39988
3833,40147
3834,39426
3835,40289
3836,38918
3837,38103
3838,36097
3839,35644
3840,38254
3841,39742
3842,36291
3843,40234
3844,40791
3845,39645
3846,37714
3847,38614
3848,39430
3849,40036
3850,39143
3851,43180
3852,40370
3853,40000
3854,40148
3855,40557
3856,39892
3857,38735
3858,40415
3859,40376
3860,40410
3861,39555
3862,37940
3863,41217
3864,42033
3865,39529
3866,39593
3867,39447
3868,40742
3869,42828
3870,40604
3871,39728
3872,37944
3873,40635
3874,37215
3875,38213
3876,41386
3877,41893
3878,36510
3879,40917
3880,39881
3881,40088
3882,40353
3883,39976
3884,39413
3885,39626
3886,38538
3887,41314
3888,38426
3889,40101
3890,38154
3891,40195
3892,43674
3893,40973
3894,40818
3895,41118
3896,41282
3897,40434
3898,41622
3899,41605
3900,40952
3901,41480
3902,39625
3903,38623
3904,41259
3905,37789
3906,39996
3907,41213
3908,41668
3909,41570
3910,40520
3911,38260
3912,42858
3913,43121
3914,39860
3915,39194
3916,41473
3917,36720
3918,40725
3919,41717
3920,38604
3921,41867
3922,39498
3923,42171
3924,37440
3925,42612
3926,38658
3927,37575
3928,40383
3929,41109
3930,41604
3931,40818
3932,37616
3933,42632
3934,37107
3935,42169
3936,39175
3937,40457
3938,41474
3939,40903
3940,42276
3941,42002
3942,41571
3943,43067
3944,44168
3945,43610
3946,40696
3947,40828
3948,41703
3949,43298
3950,41030
3951,40842
3952,41169
3953,42623
3954,41604
3955,39032
3956,37056
3957,40116
3958,38109
3959,42789
3960,40377
3961,41719
3962,43272
3963,41520
3964,42568
3965,40649
3966,40044
3967,42501
3968,42083
3969,42432
3970,41936
3971,41785
3972,42464
3973,43474
3974,42782
3975,42096
3976,41587
3977,43185
3978,41146
3979,41592
3980,40886
3981,42657
3982,40113
3983,42629
3984,40036
3985,40917
3986,42038
3987,43827
3988,40938
3989,43716
3990,41958
3991,41562
3992,43348
3993,41960
3994,40696
3995,42825
3996,40969
3997,41447
3998,41323
3999,41944
4000,42630
4001,39088
4002,42410
4003,41670
4004,44296
4005,40404
4006,41275
4007,40510
4008,45622
4009,44396
4010,43456
4011,41856
4012,41108
4013,40556
4014,41194
4015,43218
4016,38214
4017,42742
4018,41090
4019,44076
4020,41734
4021,40666
4022,41887
4023,42842
4024,44118
4025,42939
4026,38729
4027,43498
4028,43038
4029,45106
4030,43972
4031,41613
4032,41134
4033,40477
4034,46816
4035,44219
4036,40959
4037,41493
4038,40264
4039,43858
4040,40006
4041,39380
4042,41468
4043,45018
4044,43038
4045,40599
4046,47965
4047,42647
4048,44316
4049,43413
4050,39721
4051,43044
4052,42948
4053,43138
4054,41499
4055,44162
4056,43509
4057,41773
4058,45282
4059,44236
4060,40317
4061,41512
4062,44633
4063,42582
4064,42701
4065,41183
4066,41920
4067,40781
4068,44196
4069,44263
4070,43522
4071,44078
4072,43786
4073,41505
4074,44174
4075,44054
4076,44256
4077,44003
4078,41525
4079,44429
4080,44701
4081,43662
4082,43402
4083,43604
4084,42810
4085,43867
4086,44001
4087,40992
4088,43844
4089,42840
4090,42281
4091,43229
4092,42008
4093,41560
4094,43154
4095,44899
4096,44170
4097,45294
4098,42913
4099,41847
4100,43104
4101,45879
4102,45550
4103,43535
4104,45095
4105,43703
4106,42338
4107,42634
4108,44002
4109,42959
4110,45076
4111,41615
4112,42439
4113,43804
4114,40871
4115,43781
4116,45640
4117,43442
4118,44433
4119,43826
4120,43970
4121,42737
4122,41650
4123,44702
4124,42891
4125,45564
4126,43945
4127,40287
4128,44588
4129,41840
4130,46584
4131,43821
4132,42011
4133,45288
4134,45977
4135,45806
4136,42156
4137,46429
4138,44227
4139,42885
4140,44062
4141,43610
4142,42293
4143,44493
4144,44673
4145,45218
4146,41665
4147,45250
4148,44998
4149,42623
4150,47151
4151,43827
4152,43634
4153,45597
4154,43967
4155,46030
4156,43061
4157,44427
4158,45426
4159,43074
4160,43631
4161,43669
4162,45418
4163,44478
4164,42021
4165,41180
4166,43742
4167,44727
4168,47406
4169,47393
4170,45563
4171,41401
4172,44932
4173,46876
4174,44472
4175,45973
4176,44866
4177,45401
4178,42259
4179,42708
4180,45312
4181,45029
4182,44690
4183,46730
4184,44676
4185,42290
4186,43887
4187,44043
4188,44530
4189,45145
4190,46946
4191,46260
4192,46051
4193,42227
4194,43549
4195,45617
4196,44206
4197,45013
4198,43930
4199,46675
4200,41510
4201,43502
4202,45714
4203,45548
4204,46825
4205,42141
4206,45359
4207,45787
4208,48642
4209,46656
4210,45401
4211,47575
4212,43335
4213,44165
4214,41431
4215,44922
4216,46780
4217,46118
4218,45206
4219,44802
4220,45797
4221,43878
4222,45651
4223,46362
4224,45394
4225,47018
4226,46098
4227,46176
4228,42429
4229,43915
4230,43103
4231,46462
4232,46259
4233,44439
4234,46924
4235,46637
4236,44053
4237,45223
4238,47072
4239,44247
4240,45473
4241,44875
4242,42888
4243,44693
4244,45480
4245,46038
4246,41835
4247,47251
4248,44642
4249,48053
4250,45169
4251,45439
4252,46702
4253,43333
4254,49553
4255,46246
4256,45508
4257,45492
4258,48022
4259,46249
4260,44514
4261,44201
4262,46319
4263,42999
4264,45957
4265,45939
4266,46067
4267,47658
4268,49045
4269,44715
4270,45634
4271,47511
4272,47940
4273,48056
4274,45654
4275,47283
4276,45123
4277,44964
4278,48297
4279,45599
4280,45385
4281,47130
4282,43340
4283,46318
4284,44870
4285,48354
4286,45983
4287,45353
4288,46465
4289,43431
4290,47983
4291,46344
4292,47871
4293,48527
4294,47318
4295,41846
4296,46437
4297,46577
4298,43995
4299,43916
4300,47787
4301,47552
4302,48071
4303,45722
4304,47312
4305,43802
4306,44254
4307,46060
4308,45353
4309,46158
4310,44450
4311,48961
4312,48678
4313,48504
4314,45195
4315,46843
4316,48489
4317,48081
4318,47994
4319,50602
4320,47289
4321,47571
4322,46076
4323,47944
4324,44896
4325,45928
4326,51016
4327,44971
4328,46931
4329,44082
4330,47823
4331,43581
4332,46373
4333,49831
4334,46113
4335,45094
4336,45313
4337,44180
4338,44695
4339,48785
4340,46192
4341,50053
4342,47783
4343,47152
4344,47557
4345,47414
4346,45642
4347,48119
4348,46757
4349,42545
4350,45808
4351,45344
4352,49728
4353,48570
4354,47705
4355,44953
4356,46416
4357,44650
4358,48508
4359,48210
4360,48959
4361,46928
4362,48523
4363,48161
4364,49316
4365,47257
4366,49746
4367,46932
4368,46235
4369,47874
4370,46672
4371,49649
4372,48531
4373,49150
4374,50107
4375,49112
4376,47077
4377,46326
4378,47391
4379,47333
4380,47886
4381,47871
4382,46904
4383,46949
4384,50062
4385,47831
4386,48248
4387,46871
4388,46729
4389,47866
4390,50228
4391,49124
4392,49537
4393,47802
4394,47579
4395,48554
4396,48904
4397,46651
4398,49597
4399,49276
4400,49572
4401,47972
4402,48971
4403,49690
4404,46373
4405,50486
4406,49749
4407,48474
4408,47332
4409,47762
4410,46963
4411,51168
4412,47719
4413,48559
4414,47775
4415,49220
4416,51603
4417,49576
4418,45006
4419,47766
4420,48955
4421,47688
4422,46328
4423,49839
4424,49258
4425,50180
4426,52857
4427,48314
4428,50387
4429,50129
4430,49192
4431,45686
4432,48653
4433,49132
4434,47760
4435,50379
4436,48098
4437,46465
4438,48327
4439,50995
4440,50155
4441,48416
4442,49717
4443,49577
4444,48178
4445,50902
4446,49800
4447,46941
4448,49556
4449,47787
4450,48283
4451,50503
4452,46604
4453,47847
4454,49082
4455,47975
4456,51567
4457,50385
4458,49452
4459,52085
4460,49087
4461,48202
4462,45662
4463,49723
4464,50569
4465,48153
4466,49915
4467,48079
4468,46696
4469,50250
4470,49847
4471,45988
4472,47338
4473,50419
4474,50329
4475,47553
4476,50635
4477,49534
4478,50717
4479,48276
4480,52457
4481,49539
4482,48290
4483,50252
4484,46316
4485,50887
4486,50630
4487,49936
4488,49059
4489,50589
4490,50059
4491,50509
4492,53507
4493,51520
4494,47974
4495,48538
4496,47601
4497,47633
4498,50453
4499,50644
4500,48474
4501,49896
4502,51430
4503,50547
4504,47988
4505,52804
4506,50525
4507,51124
4508,52424
4509,51147
4510,50630
4511,49257
4512,49979
4513,50303
4514,44993
4515,50386
4516,51224
4517,45781
4518,49578
4519,48625
4520,46750
4521,51637
4522,49531
4523,50355
4524,51292
4525,48318
4526,49778
4527,51033
4528,51060
4529,49181
4530,48491
4531,52036
4532,50033
4533,46478
4534,49095
4535,46445
4536,51024
4537,50839
4538,51014
4539,50346
4540,50204
4541,50577
4542,49694
4543,49783
4544,52806
4545,50526
4546,51870
4547,51395
4548,49242
4549,49952
4550,51850
4551,50563
4552,48559
4553,49632
4554,50206
4555,51877
4556,50498
4557,54644
4558,49614
4559,50191
4560,54009
4561,51359
4562,49764
4563,51998
4564,51900
4565,49230
4566,52336
4567,49422
4568,52418
4569,51694
4570,52720
4571,53219
4572,49196
4573,51309
4574,50075
4575,49338
4576,46330
4577,51677
4578,49690
4579,51317
4580,53747
4581,51378
4582,52075
4583,53702
4584,53027
4585,48545
4586,51524
4587,52988
4588,50446
4589,54190
4590,50618
4591,54069
4592,51640
4593,52287
4594,50237
4595,52557
4596,49440
4597,52850
4598,51386
4599,52816
4600,52082
4601,51687
4602,51903
4603,51193
4604,50614
4605,49790
4606,51335
4607,50859
4608,50390
4609,52035
4610,50170
4611,52614
4612,46516
4613,52586
4614,51406
4615,50812
4616,50247
4617,47314
4618,51658
4619,51673
4620,50771
4621,52879
4622,50934
4623,53580
4624,51347
4625,51413
4626,49827
4627,51108
4628,51948
4629,47348
4630,53639
4631,52795
4632,53455
4633,50583
4634,52914
4635,51449
4636,50244
4637,54466
4638,52172
4639,53970
4640,50361
4641,53420
4642,51407
4643,47803
4644,51647
4645,52843
4646,53037
4647,51654
4648,52924
4649,54192
4650,48379
4651,50291
4652,51116
4653,51022
4654,52126
4655,54517
4656,51352
4657,53673
4658,52147
4659,54409
4660,47682
4661,53580
4662,51373
4663,51333
4664,53984
4665,52054
4666,53605
4667,48700
4668,49180
4669,52104
4670,49530
4671,47759
4672,51046
4673,47852
4674,51756
4675,51751
4676,48438
4677,48939
4678,51675
4679,47498
4680,51961
4681,51728
4682,51766
4683,53371
4684,52169
4685,53756
4686,52267
4687,51905
4688,54686
4689,49635
4690,53454
4691,55053
4692,55448
4693,50120
4694,52216
4695,53267
4696,53394
4697,51628
4698,54123
4699,52330
4700,52716
4701,52206
4702,51023
4703,51030
4704,53153
4705,52018
4706,54784
4707,54589
4708,50127
4709,51304
4710,53477
4711,48670
4712,49471
4713,53019
4714,53098
4715,53428
4716,52231
4717,48889
4718,50990
4719,53584
4720,54688
4721,52061
4722,54190
4723,50375
4724,52081
4725,52868
4726,52379
4727,53959
4728,51618
4729,54145
4730,52931
4731,52122
4732,55185
4733,53369
4734,51728
4735,55113
4736,52901
4737,55338
4738,54525
4739,54549
4740,54947
4741,52997
4742,53232
4743,54384
4744,54263
4745,56192
4746,55345
4747,54829
4748,48810
4749,55340
4750,51504
4751,51881
4752,51907
4753,53269
4754,52607
4755,52717
4756,55944
4757,51938
4758,55511
4759,53803
4760,52996
4761,54919
4762,55165
4763,53592
4764,55148
4765,55833
4766,52048
4767,50994
4768,55080
4769,53759
4770,56638
4771,51443
4772,51159
4773,56101
4774,52406
4775,54841
4776,54111
4777,54794
4778,53112
4779,48943
4780,49268
4781,55065
4782,54794
4783,53456
4784,54001
4785,50125
4786,55862
4787,52977
4788,53941
4789,53700
4790,53796
4791,55009
4792,55106
4793,50832
4794,53882
4795,54718
4796,53315
4797,54498
4798,52943
4799,53436
4800,55167
4801,55350
4802,53413
4803,57497
4804,54607
4805,53551
4806,54878
4807,55117
4808,53295
4809,55607
4810,51602
4811,54348
4812,52037
4813,55902
4814,54978
4815,53699
4816,53675
4817,54049
4818,53263
4819,55567
4820,54961
4821,51798
4822,53623
4823,52664
4824,54511
4825,53644
4826,51501
4827,53941
4828,55740
4829,54649
4830,54846
4831,54497
4832,54745
4833,51917
4834,53824
4835,56705
4836,55858
4837,53986
4838,53909
4839,54706
4840,56055
4841,49939
4842,54100
4843,54083
4844,57356
4845,56939
4846,51283
4847,53389
4848,56869
4849,56668
4850,53332
4851,52164
4852,56870
4853,55713
4854,55460
4855,56656
4856,55670
4857,55878
4858,54501
4859,51598
4860,52497
4861,54200
4862,56893
4863,54452
4864,56038
4865,55647
4866,54389
4867,52543
4868,57156
4869,54687
4870,57355
4871,52426
4872,55531
4873,52729
4874,54757
4875,56936
4876,56072
4877,55882
4878,58373
4879,55487
4880,56025
4881,55735
4882,57265
4883,53771
4884,57622
4885,54254
4886,55651
4887,54389
4888,56892
4889,52104
4890,52640
4891,56476
4892,55679
4893,55093
4894,55048
4895,52775
4896,52884
4897,56781
4898,58464
4899,57389
4900,54423
4901,56337
4902,56388
4903,56921
4904,58631
4905,54906
4906,57202
4907,54280
4908,55528
4909,57120
4910,51968
4911,52086
4912,51040
4913,53976
4914,58151
4915,57328
4916,60179
4917,55873
4918,53071
4919,57305
4920,57032
4921,53728
4922,56814
4923,57358
4924,55772
4925,54568
4926,57894
4927,54782
4928,56809
4929,55417
4930,54259
4931,56565
4932,59336
4933,53074
4934,57974
4935,55656
4936,53861
4937,54931
4938,56630
4939,57486
4940,57279
4941,55264
4942,54621
4943,57063
4944,56326
4945,52404
4946,56067
4947,60543
4948,53484
4949,57200
4950,55615
4951,56968
4952,58770
4953,56801
4954,57875
4955,55915
4956,58303
4957,56701
4958,58691
4959,57709
4960,56491
4961,52646
4962,54968
4963,54742
4964,54739
4965,56906
4966,56666
4967,56001
4968,55124
4969,54189
4970,58661
4971,58238
4972,55336
4973,56138
4974,55568
4975,57790
4976,57767
4977,60171
4978,56055
4979,55847
4980,57413
4981,55673
4982,56236
4983,60137
4984,56963
4985,54571
4986,54955
4987,53779
4988,54945
4989,52486
4990,55098
4991,55542
4992,59666
4993,50946
4994,58060
4995,57842
4996,56058
4997,58353
4998,56497
4999,56868
5000,55927
5001,57428
5002,55745
5003,57294
5004,57180
5005,54379
5006,56626
5007,57013
5008,59800
5009,53051
5010,57529
5011,54675
5012,58662
5013,57703
5014,56058
5015,55602
5016,53638
5017,58198
5018,57943
5019,56753
5020,57415
5021,57421
5022,58520
5023,57925
5024,57587
5025,59149
5026,57768
5027,58131
5028,56194
5029,52118
5030,56699
5031,54704
5032,57108
5033,60825
5034,57786
5035,56509
5036,61048
5037,57401
5038,58419
5039,60805
5040,58804
5041,56664
5042,52705
5043,59516
5044,59839
5045,57948
5046,58267
5047,56846
5048,60347
5049,58526
5050,59933
5051,55810
5052,58557
5053,59497
5054,57788
5055,56531
5056,56927
5057,57478
5058,58956
5059,55915
5060,58491
5061,58543
5062,59529
5063,53006
5064,56626
5065,58254
5066,58214
5067,59514
5068,58260
5069,58015
5070,57169
5071,56743
5072,57991
5073,55999
5074,54887
5075,58979
5076,56878
5077,57229
5078,60846
5079,56395
5080,55081
5081,59856
5082,55029
5083,59023
5084,60136
5085,58359
5086,58979
5087,58198
5088,56349
5089,56464
5090,58792
5091,60006
5092,58142
5093,60061
5094,58058
5095,56681
5096,60051
5097,57912
5098,54113
5099,57450
5100,55979
5101,59909
5102,55413
5103,58245
5104,58684
5105,59298
5106,57779
5107,60819
5108,59419
5109,57569
5110,59061
5111,59156
5112,53707
5113,59652
5114,59570
5115,59936
5116,60146
5117,58533
5118,60022
5119,58384
5120,61372
5121,56061
5122,59464
5123,56971
5124,58093
5125,54143
5126,58581
5127,55821
5128,56565
5129,58051
5130,57955
5131,57995
5132,59355
5133,59766
5134,59485
5135,54007
5136,60614
5137,61398
5138,61238
5139,55094
5140,60586
5141,56654
5142,58677
5143,59408
5144,56967
5145,54738
5146,62523
5147,60884
5148,53003
5149,58619
5150,59018
5151,59847
5152,59232
5153,61302
5154,59509
5155,58514
5156,61296
5157,60152
5158,58423
5159,55972
5160,59989
5161,59867
5162,55511
5163,60761
5164,60202
5165,62296
5166,59181
5167,55173
5168,58399
5169,58338
5170,58833
5171,60837
5172,57311
5173,60995
5174,62522
5175,61476
5176,59058
5177,58172
5178,60453
5179,57189
5180,60918
5181,61307
5182,62847
5183,58930
5184,58384
5185,60930
5186,61086
5187,57590
5188,54868
5189,62099
5190,57833
5191,56410
5192,58763
5193,58707
5194,61532
5195,61514
5196,58447
5197,59179
5198,59187
5199,61788
5200,60719
5201,57508
5202,62359
5203,61300
5204,61561
5205,61148
5206,59315
5207,61703
5208,60552
5209,62119
5210,57436
5211,61081
5212,61130
5213,58649
5214,61226
5215,59659
5216,57199
5217,61516
5218,61886
5219,61500
5220,58760
5221,62609
5222,63247
5223,61982
5224,56399
5225,60394
5226,58916
5227,60240
5228,54267
5229,54999
5230,56803
5231,61938
5232,60771
5233,60263
5234,60260
5235,60756
5236,59915
5237,59186
5238,61575
5239,61824
5240,59793
5241,59187
5242,62354
5243,65039
5244,57044
5245,56207
5246,62574
5247,60543
5248,60022
5249,58685
5250,61151
5251,60586
5252,57706
5253,59165
5254,59072
5255,60599
5256,63523
5257,58547
5258,61243
5259,62741
5260,62894
5261,63469
5262,63820
5263,63102
5264,59610
5265,58278
5266,60201
5267,61758
5268,64301
5269,58082
5270,61146
5271,60307
5272,60168
5273,62826
5274,60335
5275,61235
5276,61387
5277,61567
5278,61545
5279,60888
5280,62261
5281,63298
5282,63023
5283,63277
5284,62972
5285,61783
5286,60963
5287,59821
5288,61492
5289,58686
5290,61993
5291,60733
5292,63334
5293,60205
5294,61263
5295,59281
5296,60613
5297,61999
5298,62859
5299,60605
5300,60848
5301,60087
5302,62342
5303,60975
5304,57242
5305,63301
5306,58608
5307,57758
5308,61432
5309,58794
5310,63248
5311,61270
5312,62473
5313,63114
5314,57465
5315,63137
5316,61954
5317,61598
5318,62805
5319,60009
5320,63604
5321,61873
5322,61833
5323,63038
5324,58351
5325,60003
5326,62287
5327,60498
5328,63148
5329,61199
5330,63988
5331,58495
5332,62271
5333,60129
5334,61837
5335,61178
5336,57210
5337,60784
5338,62371
5339,60308
5340,64920
5341,60531
5342,65103
5343,63075
5344,57829
5345,61177
5346,62893
5347,64388
5348,63091
5349,61156
5350,63755
5351,63086
5352,61477
5353,57385
5354,62668
5355,64301
5356,61106
5357,62375
5358,62194
5359,61076
5360,61263
5361,62123
5362,62312
5363,60819
5364,61063
5365,64074
5366,63864
5367,60585
5368,63879
5369,63537
5370,62055
5371,58453
5372,65113
5373,62213
5374,60196
5375,63741
5376,60202
5377,61511
5378,62225
5379,58894
5380,58901
5381,60792
5382,63465
5383,62998
5384,59868
5385,62232
5386,62291
5387,59111
5388,62137
5389,63802
5390,64274
5391,61998
5392,64368
5393,60501
5394,63531
5395,64191
5396,60325
5397,66927
5398,59013
5399,63977
5400,64465
5401,60164
5402,65130
5403,63703
5404,66353
5405,61318
5406,64502
5407,63822
5408,66303
5409,62172
5410,62538
5411,62047
5412,65552
5413,63508
5414,63976
5415,59787
5416,63458
5417,60600
5418,64742
5419,62045
5420,66513
5421,62042
5422,64546
5423,63174
5424,62931
5425,64448
5426,59352
5427,64217
5428,63542
5429,64352
5430,64411
5431,63492
5432,67485
5433,63817
5434,62281
5435,63504
5436,61740
5437,61900
5438,59637
5439,60402
5440,65032
5441,65636
5442,63481
5443,61772
5444,65402
5445,61647
5446,62426
5447,65617
5448,63446
5449,60674
5450,64919
5451,63461
5452,61693
5453,65138
5454,64475
5455,66594
5456,63596
5457,60141
5458,66647
5459,64559
5460,65452
5461,64214
5462,65783
5463,64092
5464,64415
5465,67188
5466,64073
5467,64051
5468,65831
5469,62586
5470,64450
5471,64345
5472,64693
5473,61492
5474,64807
5475,67806
5476,64998
5477,63661
5478,63250
5479,64410
5480,59984
5481,63877
5482,67434
5483,63156
5484,64222
5485,64465
5486,62775
5487,65077
5488,66041
5489,62137
5490,65572
5491,63515
5492,63758
5493,63333
5494,66851
5495,66065
5496,63304
5497,63488
5498,63467
5499,67614
5500,63053
5501,64904
5502,64077
5503,64982
5504,58571
5505,63932
5506,63401
5507,64012
5508,67746
5509,66162
5510,62472
5511,64389
5512,63364
5513,60675
5514,60485
5515,64061
5516,66662
5517,65467
5518,64023
5519,65270
5520,67308
5521,64733
5522,64037
5523,65827
5524,61012
5525,65905
5526,65852
5527,61270
5528,60108
5529,59576
5530,67489
5531,66147
5532,64314
5533,63316
5534,66338
5535,66552
5536,64187
5537,65991
5538,64913
5539,65226
5540,67498
5541,65607
5542,67855
5543,66782
5544,66255
5545,64632
5546,64580
5547,65070
5548,63671
5549,62941
5550,67730
5551,64696
5552,66984
5553,65466
5554,65292
5555,63176
5556,65276
5557,66046
5558,66414
5559,67377
5560,68359
5561,60376
5562,64330
5563,65858
5564,67617
5565,68962
5566,65376
5567,65633
5568,65456
5569,61498
5570,67816
5571,67702
5572,65115
5573,69118
5574,64657
5575,66088
5576,65239
5577,64609
5578,59956
5579,63594
5580,62340
5581,65413
5582,65419
5583,61204
5584,65059
5585,62755
5586,63684
5587,65431
5588,64297
5589,63960
5590,67411
5591,61679
5592,70681
5593,66195
5594,66776
5595,66741
5596,65031
5597,68102
5598,66233
5599,66479
5600,66848
5601,68484
5602,64015
5603,63303
5604,66367
5605,66204
5606,63832
5607,65859
5608,66698
5609,64743
5610,61637
5611,65764
5612,67968
5613,64746
5614,67647
5615,70767
5616,64714
5617,64669
5618,64297
5619,65100
5620,65934
5621,65578
5622,68255
5623,66242
5624,63810
5625,63424
5626,64390
5627,63069
5628,66479
5629,60425
5630,64857
5631,68583
5632,67599
5633,67381
5634,66240
5635,66326
5636,65381
5637,65847
5638,66418
5639,66561
5640,70063
5641,67449
5642,67891
5643,66541
5644,66537
5645,64975
5646,65637
5647,67240
5648,67420
5649,66549
5650,67071
5651,65186
5652,67727
5653,67234
5654,61651
5655,66840
5656,66002
5657,67333
5658,69396
5659,65119
5660,67613
5661,66485
5662,65867
5663,61142
5664,61630
5665,62349
5666,67520
5667,63469
5668,66303
5669,66710
5670,63555
5671,69617
5672,68754
5673,66864
5674,65685
5675,69264
5676,64787
5677,64106
5678,67535
5679,69506
5680,66236
5681,67612
5682,69912
5683,66034
5684,67329
5685,70466
5686,68284
5687,68330
5688,68461
5689,65728
5690,67253
5691,66793
5692,68699
5693,67097
5694,71120
5695,63359
5696,69445
5697,67618
5698,68365
5699,64169
5700,65989
5701,65095
5702,66700
5703,66698
5704,68670
5705,69948
5706,69516
5707,67804
5708,68044
5709,66519
5710,68059
5711,69448
5712,66049
5713,66297
5714,68579
5715,68988
5716,66384
5717,66057
5718,66509
5719,67569
5720,67557
5721,66969
5722,67862
5723,63080
5724,65322
5725,62118
5726,67206
5727,63722
5728,63160
5729,69083
5730,66574
5731,67719
5732,69598
5733,68536
5734,62439
5735,62121
5736,61773
5737,67229
5738,62713
5739,69208
5740,69700
5741,68611
5742,65275
5743,66195
5744,66167
5745,68096
5746,65997
5747,65465
5748,65736
5749,68564
5750,64415
5751,68605
5752,69359
5753,69936
5754,64658
5755,66289
5756,67668
5757,70150
5758,62499
5759,62990
5760,66304
5761,61798
5762,70863
5763,64425
5764,63701
5765,65790
5766,67327
5767,67529
5768,67547
5769,67191
5770,64349
5771,66740
5772,68956
5773,65777
5774,68136
5775,67420
5776,66795
5777,67019
5778,67103
5779,67263
5780,64326
5781,65432
5782,65730
5783,66271
5784,67970
5785,67003
5786,69165
5787,71363
5788,67367
5789,67037
5790,65449
5791,67883
5792,68707
5793,66315
5794,69362
5795,68017
5796,68267
5797,65833
5798,69222
5799,68608
5800,65861
5801,70526
5802,69507
5803,65203
5804,71147
5805,67519
5806,67525
5807,71014
5808,69149
5809,67411
5810,70248
5811,68528
5812,69943
5813,68763
5814,71509
5815,68871
5816,64893
5817,70147
5818,68315
5819,69481
5820,70149
5821,67616
5822,66928
5823,68282
5824,64035
5825,69525
5826,66504
5827,68636
5828,72154
5829,69297
5830,66466
5831,73704
5832,68096
5833,67460
5834,65342
5835,66479
5836,72254
5837,66217
5838,69496
5839,64894
5840,69358
5841,66160
5842,69616
5843,67888
5844,63712
5845,66941
5846,70548
5847,70187
5848,71480
5849,68239
5850,69519
5851,64217
5852,71003
5853,68622
5854,70551
5855,67759
5856,69794
5857,71561
5858,69935
5859,64543
5860,70021
5861,71550
5862,64926
5863,63287
5864,70861
5865,69707
5866,69816
5867,68128
5868,68412
5869,69277
5870,68606
5871,71020
5872,71103
5873,70972
5874,65749
5875,70847
5876,71144
5877,68536
5878,70413
5879,69320
5880,69147
5881,71058
5882,66987
5883,69729
5884,70387
5885,70986
5886,70068
5887,65685
5888,64926
5889,70396
5890,67502
5891,68867
5892,69218
5893,64444
5894,69918
5895,70298
5896,71306
5897,70897
5898,69580
5899,66450
5900,71096
5901,69635
5902,71162
5903,70771
5904,70084
5905,65776
5906,71368
5907,66267
5908,71591
5909,73585
5910,70396
5911,66774
5912,65265
5913,71328
5914,71984
5915,68597
5916,64771
5917,66308
5918,72158
5919,68098
5920,69674
5921,69341
5922,68873
5923,74390
5924,70352
5925,65431
5926,68016
5927,69156
5928,70707
5929,69537
5930,69829
5931,69968
5932,69998
5933,69905
5934,69305
5935,71351
5936,68494
5937,68769
5938,71034
5939,65514
5940,67644
5941,71692
5942,70902
5943,64800
5944,73339
5945,71718
5946,71872
5947,69451
5948,72811
5949,68652
5950,70063
5951,64910
5952,67114
5953,71770
5954,69205
5955,64344
5956,68457
5957,72020
5958,66802
5959,69675
5960,69438
5961,67268
5962,69234
5963,69519
5964,69962
5965,70954
5966,69227
5967,67118
5968,68541
5969,67829
5970,68858
5971,70414
5972,69115
5973,70393
5974,66066
5975,71219
5976,72777
5977,70794
5978,70625
5979,71063
5980,71087
5981,70448
5982,71604
5983,72443
5984,70496
5985,70447
5986,73155
5987,72333
5988,70347
5989,69879
5990,73191
5991,71269
5992,71317
5993,69419
5994,72335
5995,70670
5996,71707
5997,72341
5998,69075
5999,70991
6000,71948
6001,73315
6002,74024
6003,69889
6004,73452
6005,70520
6006,73201
6007,72495
6008,70637
6009,71663
6010,71654
6011,73702
6012,68090
6013,68100
6014,68901
6015,72889
6016,69814
6017,71884
6018,73002
6019,68138
6020,71760
6021,71640
6022,70978
6023,71692
6024,72176
6025,74258
6026,74533
6027,68726
6028,73542
6029,67384
6030,72825
6031,72893
6032,68586
6033,68576
6034,71402
6035,69717
6036,74735
6037,70013
6038,73257
6039,71742
6040,71073
6041,71440
6042,73494
6043,73311
6044,71241
6045,70097
6046,68472
6047,70919
6048,69963
6049,71246
6050,72154
6051,66028
6052,71381
6053,74125
6054,71219
6055,67336
6056,70230
6057,72883
6058,68044
6059,68646
6060,73193
6061,74277
6062,69388
6063,73578
6064,72789
6065,72983
6066,70438
6067,72594
6068,72935
6069,72365
6070,72807
6071,69638
6072,72121
6073,71945
6074,71347
6075,73782
6076,70928
6077,69636
6078,70804
6079,70249
6080,70641
6081,69967
6082,69350
6083,74035
6084,71715
6085,74120
6086,67398
6087,73981
6088,72856
6089,72068
6090,65711
6091,74163
6092,67806
6093,74899
6094,72723
6095,68791
6096,74649
6097,72983
6098,70883
6099,75028
6100,74088
6101,73264
6102,72610
6103,75792
6104,69866
6105,69811
6106,74195
6107,71331
6108,70373
6109,70115
6110,71198
6111,72730
6112,76338
6113,73046
6114,75176
6115,69955
6116,71493
6117,70312
6118,74157
6119,70590
6120,74191
6121,68884
6122,68862
6123,68666
6124,66778
6125,71102
6126,70949
6127,73641
6128,70507
6129,72463
6130,73410
6131,70814
6132,73394
6133,70216
6134,73484
6135,71312
6136,72785
6137,73373
6138,72011
6139,72128
6140,69202
6141,76590
6142,74671
6143,72326
6144,75507
6145,73626
6146,71006
6147,74426
6148,75573
6149,72873
6150,73288
6151,71641
6152,75084
6153,71395
6154,72390
6155,73184
6156,72547
6157,73923
6158,70073
6159,70940
6160,71468
6161,74297
6162,75220
6163,74142
6164,73078
6165,76352
6166,75087
6167,74892
6168,71885
6169,73928
6170,72933
6171,72379
6172,68505
6173,73715
6174,74519
6175,72240
6176,70029
6177,72286
6178,73609
6179,73640
6180,76536
6181,75793
6182,73591
6183,71242
6184,74156
6185,71921
6186,75814
6187,73906
6188,76732
6189,72894
6190,73875
6191,72161
6192,68965
6193,74487
6194,74275
6195,73829
6196,75146
6197,73099
6198,74646
6199,70012
6200,70376
6201,73301
6202,76404
6203,75940
6204,77283
6205,71609
6206,73154
6207,72874
6208,74316
6209,73432
6210,75149
6211,71389
6212,73278
6213,74508
6214,75205
6215,69490
6216,74228
6217,76013
6218,73621
6219,70673
6220,73342
6221,73714
6222,70333
6223,74819
6224,76970
6225,72574
6226,73436
6227,75366
6228,73650
6229,77618
6230,73782
6231,73297
6232,75654
6233,75799
6234,73113
6235,72711
6236,74006
6237,76828
6238,75862
6239,76798
6240,76003
6241,69941
6242,73957
6243,75982
6244,77431
6245,74552
6246,74313
6247,68696
6248,76302
6249,76204
6250,72679
6251,76085
6252,76178
6253,76016
6254,75952
6255,70098
6256,74921
6257,77907
6258,74518
6259,75437
6260,77048
6261,76154
6262,75742
6263,74579
6264,74510
6265,78324
6266,76528
6267,77630
6268,70379
6269,71485
6270,75601
6271,76235
6272,74052
6273,72884
6274,73005
6275,72719
6276,74674
6277,75172
6278,74942
6279,73843
6280,76071
6281,72076
6282,75448
6283,76852
6284,74364
6285,74325
6286,78498
6287,76830
6288,72440
6289,72616
6290,76805
6291,71812
6292,69364
6293,73396
6294,79199
6295,74867
6296,75376
6297,77898
6298,72656
6299,77953
6300,78625
6301,73215
6302,75455
6303,78491
6304,77726
6305,74769
6306,72802
6307,78307
6308,74862
6309,76314
6310,75371
6311,77567
6312,76795
6313,79703
6314,79034
6315,78347
6316,70295
6317,76867
6318,75517
6319,77387
6320,79151
6321,77217
6322,76335
6323,78430
6324,72516
6325,75141
6326,73039
6327,75805
6328,78277
6329,78498
6330,80015
6331,76409
6332,79162
6333,79007
6334,77330
6335,78452
6336,74255
6337,75045
6338,76798
6339,75938
6340,76921
6341,71990
6342,71693
6343,78939
6344,73551
6345,78449
6346,80704
6347,72298
6348,75632
6349,77329
6350,72889
6351,77763
6352,78313
6353,75989
6354,75062
6355,78795
6356,79051
6357,76145
6358,76828
6359,76266
6360,74202
6361,72131
6362,76108
6363,73850
6364,74391
6365,69525
6366,75869
6367,77459
6368,78965
6369,72468
6370,80734
6371,77337
6372,76858
6373,80157
6374,77208
6375,75393
6376,77756
6377,76182
6378,77768
6379,74086
6380,78209
6381,70072
6382,75079
6383,72043
6384,78232
6385,77001
6386,74468
6387,77451
6388,78702
6389,78027
6390,73091
6391,74628
6392,74507
6393,77166
6394,73925
6395,78086
6396,74524
6397,76428
6398,77554
6399,76237
6400,77683
6401,78652
6402,74245
6403,71736
6404,74038
6405,78570
6406,76374
6407,76884
6408,79724
6409,77161
6410,73313
6411,77738
6412,80278
6413,77553
6414,77361
6415,75370
6416,79297
6417,75129
6418,79225
6419,70871
6420,77986
6421,81872
6422,76099
6423,79194
6424,76912
6425,77224
6426,74499
6427,79998
6428,77931
6429,76953
6430,77783
6431,75043
6432,77828
6433,79299
6434,80034
6435,78127
6436,77922
6437,73707
6438,73765
6439,77591
6440,77747
6441,71318
6442,77244
6443,78786
6444,72571
6445,79216
6446,75695
6447,77418
6448,78295
6449,76866
6450,77054
6451,73048
6452,78624
6453,78441
6454,74390
6455,74866
6456,78505
6457,75098
6458,73984
6459,76222
6460,72411
6461,71935
6462,74377
6463,76291
6464,71916
6465,77088
6466,77259
6467,74861
6468,75516
6469,77137
6470,88040
6471,80160
6472,76768
6473,80348
6474,76990
6475,78124
6476,76248
6477,72972
6478,78774
6479,79459
6480,79641
6481,78368
6482,79322
6483,75358
6484,73584
6485,74957
6486,78436
6487,76302
6488,76647
6489,77077
6490,71374
6491,79152
6492,81954
6493,75650
6494,80671
6495,78367
6496,82095
6497,77956
6498,78288
6499,73101
6500,78134
6501,74872
6502,79861
6503,80738
6504,78918
6505,77694
6506,73265
6507,74096
6508,79171
6509,78556
6510,76380
6511,74710
6512,83312
6513,80922
6514,80814
6515,79030
6516,80096
6517,77966
6518,73559
6519,80013
6520,78941
6521,78090
6522,75172
6523,80000
6524,80136
6525,79912
6526,77393
6527,78188
6528,81572
6529,80799
6530,78293
6531,82209
6532,77141
6533,81039
6534,79420
6535,78288
6536,82448
6537,80856
6538,77106
6539,78753
6540,79658
6541,79234
6542,78244
6543,76399
6544,76858
6545,79460
6546,77598
6547,76618
6548,79124
6549,75656
6550,80990
6551,79858
6552,77347
6553,82150
6554,83002
6555,80549
6556,79540
6557,81105
6558,78536
6559,75049
6560,77109
6561,77994
6562,82169
6563,80226
6564,78855
6565,76032
6566,79657
6567,76100
6568,73413
6569,76023
6570,79192
6571,80836
6572,76977
6573,80884
6574,74716
6575,79166
6576,77841
6577,81829
6578,78625
6579,80845
6580,81424
6581,75660
6582,81082
6583,76185
6584,80980
6585,78685
6586,81833
6587,80422
6588,79647
6589,80609
6590,81061
6591,82296
6592,75019
6593,81661
6594,83373
6595,83581
6596,81439
6597,79221
6598,75679
6599,77898
6600,75366
6601,77602
6602,80646
6603,79928
6604,80358
6605,82724
6606,81152
6607,80557
6608,76395
6609,79536
6610,77649
6611,83233
6612,85559
6613,84232
6614,82128
6615,82212
6616,75329
6617,75719
6618,80311
6619,81554
6620,82283
6621,77186
6622,82276
6623,84276
6624,82202
6625,75501
6626,79672
6627,82128
6628,83601
6629,81288
6630,77603
6631,76485
6632,77404
6633,77780
6634,81844
6635,82092
6636,84110
6637,82739
6638,79402
6639,82635
6640,80086
6641,81472
6642,84922
6643,79674
6644,82688
6645,76192
6646,83094
6647,84831
6648,79829
6649,79135
6650,85524
6651,83534
6652,81931
6653,78467
6654,81190
6655,80885
6656,74547
6657,84049
6658,84149
6659,81170
6660,82492
6661,89373
6662,79581
6663,82990
6664,81909
6665,81464
6666,81648
6667,79729
6668,83425
6669,85070
6670,77401
6671,82264
6672,83280
6673,83989
6674,84289
6675,82747
6676,81227
6677,78156
6678,84792
6679,81140
6680,82740
6681,78037
6682,79531
6683,84448
6684,92554
6685,85314
6686,81846
6687,82524
6688,82494
6689,84584
6690,82373
6691,83723
6692,81305
6693,83000
6694,81255
6695,82880
6696,80636
6697,81639
6698,77240
6699,81367
6700,83697
6701,80075
6702,81526
6703,78486
6704,86845
6705,77312
6706,83784
6707,80145
6708,81509
6709,79783
6710,79690
6711,78258
6712,74155
6713,76658
6714,83307
6715,82994
6716,81088
6717,80541
6718,82233
6719,84075
6720,77841
6721,82111
6722,80560
6723,81343
6724,84997
6725,80557
6726,83797
6727,77698
6728,78559
6729,79726
6730,78538
6731,77526
6732,80949
6733,82403
6734,83275
6735,79957
6736,83489
6737,84158
6738,82742
6739,83814
6740,82942
6741,82966
6742,82945
6743,82714
6744,83516
6745,82365
6746,83579
6747,82374
6748,82808
6749,84407
6750,81988
6751,81795
6752,78205
6753,83081
6754,81235
6755,77874
6756,77081
6757,81598
6758,82738
6759,83244
6760,82483
6761,80908
6762,83625
6763,82592
6764,82150
6765,82652
6766,81980
6767,77384
6768,82243
6769,85028
6770,79418
6771,83055
6772,77697
6773,80297
6774,77717
6775,80798
6776,84008
6777,79647
6778,82935
6779,80842
6780,85320
6781,79859
6782,81925
6783,78097
6784,79377
6785,80764
6786,85940
6787,83985
6788,77905
6789,84650
6790,80493
6791,83221
6792,86324
6793,76887
6794,84981
6795,79504
6796,81521
6797,78052
6798,84317
6799,83902
6800,83177
6801,81123
6802,81162
6803,78428
6804,77552
6805,83661
6806,86173
6807,82656
6808,79043
6809,84969
6810,81918
6811,84381
6812,82545
6813,79810
6814,83244
6815,81051
6816,81551
6817,81980
6818,83129
6819,81448
6820,82677
6821,79442
6822,77211
6823,85101
6824,80635
6825,79059
6826,85367
6827,83386
6828,79907
6829,81097
6830,83209
6831,83350
6832,80346
6833,85744
6834,77976
6835,75810
6836,81460
6837,82039
6838,83481
6839,82750
6840,86024
6841,77986
6842,83196
6843,81651
6844,75646
6845,80111
6846,80346
6847,84905
6848,83081
6849,86337
6850,83779
6851,83244
6852,85637
6853,79334
6854,81748
6855,81500
6856,83041
6857,85191
6858,85260
6859,85713
6860,80506
6861,82959
6862,84301
6863,87467
6864,85134
6865,81992
6866,80708
6867,83332
6868,87803
6869,79268
6870,82538
6871,84875
6872,84343
6873,80807
6874,82082
6875,80496
6876,84034
6877,77763
6878,86501
6879,82999
6880,85057
6881,83194
6882,83719
6883,85055
6884,83129
6885,81783
6886,84440
6887,86031
6888,83735
6889,84446
6890,84940
6891,83190
6892,83470
6893,86704
6894,82897
6895,79938
6896,79015
6897,84763
6898,85198
6899,86149
6900,84738
6901,85362
6902,84853
6903,83525
6904,85866
6905,84996
6906,85019
6907,85807
6908,80663
6909,87409
6910,85288
6911,86487
6912,84974
6913,84706
6914,83193
6915,83935
6916,78677
6917,84757
6918,79894
6919,82846
6920,86279
6921,83805
6922,84393
6923,85788
6924,84578
6925,84730
6926,85562
6927,79028
6928,86383
6929,81137
6930,83026
6931,85403
6932,84348
6933,80641
6934,80955
6935,83855
6936,84071
6937,82487
6938,79411
6939,78812
6940,84949
6941,78960
6942,86294
6943,85130
6944,86075
6945,80792
6946,85175
6947,85295
6948,82931
6949,80266
6950,83853
6951,87044
6952,81058
6953,83168
6954,86019
6955,84711
6956,81062
6957,87954
6958,83174
6959,79296
6960,85015
6961,80029
6962,80776
6963,82936
6964,85535
6965,83452
6966,84364
6967,87565
6968,87210
6969,87355
6970,81843
6971,78311
6972,86008
6973,88200
6974,85855
6975,81121
6976,82913
6977,84438
6978,83182
6979,83308
6980,84233
6981,79834
6982,87473
6983,79788
6984,78492
6985,83218
6986,85387
6987,82907
6988,83521
6989,86514
6990,82487
6991,85638
6992,87862
6993,84251
6994,80347
6995,79033
6996,85924
6997,79656
6998,85984
6999,86022
7000,83606
7001,87967
7002,86031
7003,85014
7004,84240
7005,84472
7006,87079
7007,85203
7008,85109
7009,84699
7010,85642
7011,82117
7012,85493
7013,85603
7014,81412
7015,79305
7016,82333
7017,83240
7018,85264
7019,80282
7020,88274
7021,85242
7022,87563
7023,87030
7024,87545
7025,79972
7026,87652
7027,78979
7028,78810
7029,85586
7030,81538
7031,81407
7032,83270
7033,78805
7034,80133
7035,83115
7036,86118
7037,80062
7038,85479
7039,81320
7040,85826
7041,84169
7042,82003
7043,83630
7044,88629
7045,83084
7046,82087
7047,81834
7048,81021
7049,85382
7050,82905
7051,81792
7052,83791
7053,86138
7054,83721
7055,88094
7056,88501
7057,89437
7058,85271
7059,87748
7060,87708
7061,89017
7062,86096
7063,88601
7064,87004
7065,87965
7066,86398
7067,84883
7068,86283
7069,79854
7070,82674
7071,85158
7072,85373
7073,85540
7074,83806
7075,84555
7076,85079
7077,80829
7078,84844
7079,80624
7080,82530
7081,82450
7082,87575
7083,81420
7084,82731
7085,85000
7086,84000
7087,88093
7088,80574
7089,87445
7090,87077
7091,88814
7092,87763
7093,85857
7094,83848
7095,89178
7096,87269
7097,85602
7098,88009
7099,86517
7100,84922
7101,81409
7102,86216
7103,86676
7104,87048
7105,83979
