1,432
2,88
3,66
4,48
5,55
6,79
7,67
8,48
9,52
10,59
11,63
12,64
13,822
14,63
15,48
16,64
17,57
18,52
19,82
20,54
21,75
22,51
23,73
24,54
25,908
26,62
27,61
28,65
29,72
30,75
31,78
32,65
33,104
34,58
35,48
36,87
37,70
38,47
39,44
40,84
41,90
42,66
43,60
44,53
45,74
46,48
47,83
48,49
49,1730
50,60
51,53
52,53
53,88
54,62
55,56
56,59
57,41
58,43
59,71
60,40
61,41
62,73
63,61
64,46
65,47
66,77
67,92
68,65
69,50
70,81
71,52
72,73
73,65
74,51
75,80
76,52
77,49
78,83
79,55
80,75
81,46
82,55
83,57
84,81
85,76
86,64
87,60
88,58
89,50
90,59
91,70
92,59
93,58
94,50
95,69
96,67
97,3261
98,71
99,48
100,42
101,49
102,49
103,57
104,53
105,52
106,41
107,52
108,68
109,95
110,48
111,61
112,43
113,71
114,51
115,91
116,56
117,51
118,55
119,50
120,42
121,51
122,1374
123,58
124,52
125,47
126,52
127,47
128,69
129,48
130,59
131,65
132,67
133,40
134,50
135,53
136,49
137,50
138,88
139,74
140,68
141,70
142,91
143,54
144,62
145,56
146,69
147,52
148,56
149,53
150,64
151,53
152,60
153,59
154,66
155,146
156,76
157,55
158,59
159,53
160,68
161,44
162,45
163,59
164,46
165,48
166,61
167,72
168,72
169,61
170,57
171,54
172,93
173,71
174,45
175,53
176,60
177,51
178,56
179,57
180,54
181,44
182,60
183,70
184,61
185,62
186,72
187,47
188,66
189,55
190,46
191,68
192,71
193,6799
194,76
195,55
196,55
197,46
198,45
199,65
200,60
201,51
202,51
203,55
204,47
205,45
206,79
207,46
208,64
209,43
210,58
211,50
212,56
213,45
214,41
215,82
216,55
217,68
218,63
219,47
220,71
221,54
222,45
223,71
224,47
225,48
226,60
227,65
228,40
229,53
230,49
231,55
232,53
233,46
234,67
235,61
236,54
237,49
238,67
239,52
240,64
241,179
242,58
243,57
244,45
245,60
246,50
247,55
248,65
249,46
250,62
251,47
252,94
253,67
254,58
255,56
256,50
257,44
258,59
259,48
260,54
261,73
262,67
263,51
264,53
265,46
266,42
267,49
268,45
269,75
270,41
271,50
272,43
273,56
274,69
275,58
276,80
277,43
278,59
279,41
280,72
281,55
282,80
283,52
284,52
285,61
286,56
287,63
288,47
289,67
290,51
291,63
292,46
293,66
294,69
295,51
296,69
297,56
298,58
299,69
300,47
301,56
302,72
303,52
304,50
305,49
306,50
307,58
308,62
309,55
310,49
311,42
312,66
313,79
314,56
315,72
316,46
317,43
318,65
319,65
320,51
321,50
322,56
323,54
324,48
325,59
326,52
327,56
328,45
329,60
330,60
331,68
332,54
333,46
334,58
335,73
336,73
337,49
338,48
339,41
340,62
341,50
342,52
343,68
344,49
345,62
346,44
347,61
348,56
349,76
350,84
351,67
352,43
353,76
354,54
355,60
356,55
357,50
358,46
359,76
360,53
361,74
362,46
363,48
364,58
365,44
366,70
367,76
368,42
369,62
370,70
371,70
372,44
373,69
374,59
375,57
376,50
377,62
378,51
379,57
380,74
381,61
382,47
383,55
384,64
385,13943
386,54
387,51
388,63
389,53
390,51
391,58
392,60
393,63
394,42
395,49
396,45
397,54
398,69
399,58
400,61
401,41
402,56
403,39
404,91
405,52
406,53
407,47
408,74
409,51
410,47
411,68
412,50
413,57
414,58
415,38
416,39
417,50
418,52
419,43
420,43
421,63
422,41
423,47
424,59
425,64
426,47
427,50
428,45
429,58
430,60
431,69
432,48
433,47
434,76
435,103
436,71
437,58
438,81
439,45
440,304
441,51
442,90
443,62
444,62
445,57
446,72
447,72
448,57
449,66
450,56
451,66
452,66
453,53
454,49
455,60
456,58
457,53
458,41
459,65
460,47
461,50
462,46
463,62
464,47
465,80
466,76
467,66
468,53
469,54
470,57
471,52
472,55
473,57
474,67
475,59
476,64
477,68
478,50
479,64
480,45
481,63
482,45
483,51
484,63
485,77
486,47
487,55
488,44
489,52
490,65
491,51
492,69
493,45
494,45
495,66
496,60
497,42
498,45
499,57
500,66
501,68
502,53
503,53
504,66
505,56
506,54
507,42
508,52
509,45
510,58
511,81
512,55
513,43
514,68
515,58
516,57
517,53
518,52
519,50
520,55
521,62
522,49
523,68
524,73
525,52
526,75
527,73
528,51
529,68
530,44
531,55
532,71
533,57
534,48
535,76
536,54
537,46
538,54
539,42
540,70
541,45
542,62
543,57
544,73
545,70
546,128
547,80
548,71
549,57
550,84
551,78
552,82
553,86
554,106
555,46
556,73
557,40
558,58
559,73
560,52
561,44
562,99
563,48
564,61
565,53
566,56
567,58
568,53
569,52
570,52
571,39
572,70
573,44
574,59
575,53
576,78
577,59
578,60
579,69
580,56
581,69
582,54
583,75
584,53
585,42
586,73
587,43
588,62
589,46
590,68
591,58
592,49
593,56
594,46
595,48
596,44
597,42
598,72
599,45
600,39
601,59
602,48
603,80
604,49
605,48
606,43
607,76
608,74
609,49
610,68
611,75
612,45
613,44
614,47
615,71
616,45
617,46
618,49
619,94
620,65
621,47
622,82
623,80
624,61
625,53
626,49
627,42
628,66
629,86
630,63
631,49
632,49
633,52
634,70
635,47
636,46
637,54
638,57
639,40
640,70
641,57
642,80
643,64
644,49
645,71
646,52
647,46
648,71
649,54
650,78
651,52
652,42
653,82
654,130
655,52
656,43
657,82
658,42
659,50
660,51
661,76
662,95
663,77
664,53
665,89
666,81
667,48
668,67
669,51
670,59
671,71
672,45
673,62
674,58
675,49
676,39
677,41
678,83
679,67
680,92
681,76
682,68
683,84
684,48
685,58
686,43
687,55
688,56
689,46
690,47
691,82
692,39
693,50
694,85
695,83
696,39
697,70
698,52
699,52
700,52
701,43
702,89
703,40
704,46
705,44
706,49
707,54
708,54
709,45
710,43
711,100
712,83
713,41
714,46
715,99
716,77
717,53
718,102
719,75
720,42
721,45
722,74
723,43
724,42
725,50
726,49
727,82
728,91
729,117
730,39
731,125
732,110
733,72
734,52
735,61
736,103
737,91
738,53
739,78
740,80
741,44
742,104
743,76
744,42
745,47
746,48
747,50
748,64
749,52
750,42
751,55
752,75
753,44
754,77
755,65
756,44
757,91
758,66
759,84
760,62
761,112
762,61
763,69
764,91
765,88
766,81
767,70
768,66
769,33169
770,77
771,54
772,54
773,51
774,77
775,70
776,77
777,75
778,48
779,61
780,53
781,45
782,80
783,50
784,54
785,45
786,48
787,46
788,45
789,78
790,44
791,55
792,60
793,66
794,51
795,108
796,66
797,44
798,44
799,61
800,79
801,54
802,49
803,69
804,76
805,44
806,51
807,55
808,55
809,52
810,60
811,74
812,49
813,84
814,60
815,42
816,46
817,59
818,55
819,69
820,88
821,85
822,51
823,42
824,47
825,53
826,60
827,44
828,41
829,54
830,67
831,59
832,47
833,57
834,71
835,76
836,81
837,92
838,70
839,60
840,66
841,53
842,55
843,48
844,46
845,84
846,43
847,59
848,66
849,42
850,96
851,82
852,58
853,67
854,55
855,51
856,53
857,69
858,64
859,68
860,61
861,48
862,66
863,42
864,68
865,73
866,54
867,64
868,43
869,66
870,69
871,49
872,47
873,83
874,59
875,37
876,51
877,46
878,43
879,46
880,84
881,84
882,68
883,48
884,66
885,51
886,49
887,50
888,50
889,57
890,58
891,81
892,47
893,66
894,85
895,47
896,49
897,51
898,46
899,51
900,54
901,54
902,86
903,59
904,47
905,47
906,43
907,56
908,42
909,48
910,46
911,84
912,42
913,47
914,50
915,46
916,80
917,59
918,74
919,44
920,48
921,77
922,69
923,76
924,95
925,72
926,51
927,112
928,59
929,92
930,56
931,75
932,79
933,51
934,44
935,52
936,46
937,46
938,67
939,91
940,72
941,36
942,57
943,49
944,210
945,58
946,84
947,50
948,49
949,47
950,49
951,47
952,65
953,48
954,49
955,65
956,85
957,110
958,79
959,54
960,86
961,87
962,41
963,47
964,132
965,51
966,142
967,125
968,56
969,47
970,65
971,84
972,51
973,55
974,45
975,49
976,49
977,51
978,117
979,44
980,87
981,80
982,739
983,49
984,54
985,48
986,110
987,115
988,51
989,82
990,57
991,59
992,52
993,53
994,75
995,43
996,56
997,94
998,47
999,110
1000,101
1001,58
1002,59
1003,105
1004,57
1005,66
1006,52
1007,43
1008,104
1009,50
1010,43
1011,101
1012,51
1013,51
1014,46
1015,97
1016,104
1017,106
1018,106
1019,70
1020,48
1021,81
1022,69
1023,45
1024,102
1025,64
1026,81
1027,94
1028,49
1029,59
1030,61
1031,55
1032,49
1033,41
1034,41
1035,129
1036,107
1037,114
1038,92
1039,63
1040,53
1041,114
1042,133
1043,58
1044,113
1045,95
1046,130
1047,73
1048,100
1049,71
1050,87
1051,46
1052,46
1053,48
1054,212
1055,46
1056,120
1057,54
1058,66
1059,54
1060,86
1061,91
1062,65
1063,45
1064,44
1065,118
1066,68
1067,107
1068,118
1069,92
1070,49
1071,54
1072,132
1073,46
1074,106
1075,53
1076,103
1077,59
1078,137
1079,70
1080,107
1081,101
1082,46
1083,57
1084,157
1085,53
1086,107
1087,117
1088,42
1089,102
1090,50
1091,47
1092,123
1093,41
1094,51
1095,42
1096,108
1097,59
1098,98
1099,127
1100,113
1101,42
1102,96
1103,45
1104,48
1105,52
1106,48
1107,47
1108,63
1109,47
1110,39
1111,58
1112,126
1113,328
1114,55
1115,124
1116,46
1117,58
1118,46
1119,58
1120,50
1121,57
1122,145
1123,69
1124,61
1125,49
1126,115
1127,137
1128,151
1129,160
1130,44
1131,40
1132,60
1133,56
1134,45
1135,97
1136,46
1137,92
1138,87
1139,68
1140,113
1141,51
1142,151
1143,46
1144,41
1145,113
1146,48
1147,55
1148,56
1149,115
1150,57
1151,43
1152,51
1153,279
1154,66
1155,50
1156,54
1157,112
1158,50
1159,48
1160,63
1161,54
1162,113
1163,47
1164,41
1165,115
1166,80
1167,60
1168,47
1169,51
1170,154
1171,94
1172,67
1173,114
1174,130
1175,47
1176,99
1177,164
1178,101
1179,143
1180,50
1181,46
1182,126
1183,42
1184,143
1185,113
1186,61
1187,49
1188,99
1189,87
1190,47
1191,49
1192,54
1193,45
1194,50
1195,62
1196,90
1197,54
1198,95
1199,42
1200,52
1201,54
1202,45
1203,41
1204,55
1205,67
1206,118
1207,50
1208,51
1209,115
1210,45
1211,54
1212,109
1213,49
1214,59
1215,58
1216,112
1217,44
1218,152
1219,80
1220,1188
1221,71
1222,55
1223,123
1224,115
1225,65
1226,123
1227,122
1228,105
1229,140
1230,44
1231,60
1232,113
1233,50
1234,61
1235,65
1236,44
1237,244
1238,104
1239,53
1240,339
1241,47
1242,114
1243,54
1244,59
1245,39
1246,113
1247,133
1248,46
1249,48
1250,46
1251,65
1252,118
1253,130
1254,53
1255,50
1256,42
1257,61
1258,57
1259,106
1260,45
1261,128
1262,46
1263,50
1264,38
1265,82
1266,105
1267,48
1268,47
1269,41
1270,54
1271,48
1272,148
1273,112
1274,42
1275,85
1276,51
1277,67
1278,45
1279,104
1280,64
1281,47
1282,184
1283,51
1284,47
1285,51
1286,126
1287,132
1288,57
1289,62
1290,78
1291,100
1292,45
1293,58
1294,132
1295,95
1296,50
1297,51
1298,41
1299,59
1300,62
1301,43
1302,132
1303,137
1304,119
1305,60
1306,125
1307,103
1308,111
1309,119
1310,66
1311,68
1312,122
1313,47
1314,127
1315,55
1316,56
1317,47
1318,89
1319,59
1320,90
1321,59
1322,50
1323,51
1324,122
1325,67
1326,42
1327,70
1328,47
1329,55
1330,147
1331,47
1332,157
1333,123
1334,71
1335,63
1336,120
1337,65
1338,167
1339,69
1340,157
1341,64
1342,39
1343,48
1344,56
1345,92
1346,59
1347,71
1348,61
1349,56
1350,105
1351,110
1352,144
1353,70
1354,44
1355,53
1356,60
1357,51
1358,45
1359,131
1360,142
1361,84
1362,54
1363,102
1364,67
1365,106
1366,53
1367,123
1368,103
1369,73
1370,107
1371,58
1372,56
1373,43
1374,57
1375,60
1376,107
1377,53
1378,128
1379,79
1380,46
1381,50
1382,45
1383,48
1384,45
1385,125
1386,44
1387,69
1388,59
1389,48
1390,177
1391,63
1392,50
1393,128
1394,42
1395,44
1396,187
1397,133
1398,109
1399,64
1400,47
1401,116
1402,44
1403,118
1404,132
1405,148
1406,48
1407,50
1408,45
1409,169
1410,45
1411,65
1412,46
1413,71
1414,45
1415,54
1416,120
1417,97
1418,43
1419,128
1420,116
1421,45
1422,120
1423,69
1424,112
1425,54
1426,126
1427,94
1428,71
1429,50
1430,128
1431,59
1432,55
1433,52
1434,118
1435,61
1436,71
1437,162
1438,39
1439,57
1440,83
1441,44
1442,109
1443,62
1444,90
1445,83
1446,62
1447,57
1448,64
1449,61
1450,63
1451,71
1452,112
1453,76
1454,80
1455,55
1456,115
1457,143
1458,58
1459,148
1460,112
1461,67
1462,58
1463,52
1464,49
1465,59
1466,66
1467,49
1468,131
1469,122
1470,105
1471,122
1472,41
1473,80
1474,120
1475,51
1476,45
1477,46
1478,65
1479,47
1480,147
1481,145
1482,147
1483,75
1484,60
1485,102
1486,60
1487,126
1488,131
1489,121
1490,89
1491,134
1492,86
1493,149
1494,76
1495,58
1496,59
1497,131
1498,73
1499,49
1500,59
1501,59
1502,41
1503,51
1504,85
1505,55
1506,183
1507,142
1508,106
1509,82
1510,98
1511,53
1512,65
1513,51
1514,81
1515,70
1516,158
1517,84
1518,66
1519,56
1520,86
1521,50
1522,134
1523,123
1524,66
1525,46
1526,103
1527,56
1528,126
1529,59
1530,71
1531,49
1532,150
1533,64
1534,58
1535,143
1536,124
1537,89373
1538,82
1539,78
1540,101
1541,53
1542,77
1543,76
1544,66
1545,64
1546,61
1547,100
1548,60
1549,52
1550,48
1551,55
1552,69
1553,109
1554,90
1555,58
1556,99
1557,59
1558,60
1559,56
1560,72
1561,59
1562,45
1563,44
1564,57
1565,89
1566,56
1567,52
1568,116
1569,71
1570,71
1571,66
1572,57
1573,41
1574,56
1575,116
1576,102
1577,41
1578,59
1579,80
1580,48
1581,51
1582,83
1583,93
1584,119
1585,87
1586,56
1587,53
1588,44
1589,50
1590,64
1591,40
1592,97
1593,52
1594,104
1595,45
1596,59
1597,51
1598,53
1599,63
1600,56
1601,91
1602,99
1603,59
1604,54
1605,51
1606,45
1607,64
1608,46
1609,132
1610,74
1611,51
1612,46
1613,57
1614,49
1615,63
1616,57
1617,52
1618,105
1619,59
1620,139
1621,49
1622,46
1623,47
1624,48
1625,75
1626,83
1627,61
1628,50
1629,41
1630,54
1631,74
1632,47
1633,42
1634,70
1635,115
1636,79
1637,64
1638,51
1639,115
1640,57
1641,69
1642,101
1643,61
1644,74
1645,42
1646,93
1647,97
1648,41
1649,58
1650,96
1651,52
1652,59
1653,44
1654,49
1655,43
1656,91
1657,60
1658,44
1659,89
1660,53
1661,108
1662,63
1663,55
1664,93
1665,57
1666,59
1667,101
1668,125
1669,61
1670,65
1671,48
1672,121
1673,47
1674,52
1675,54
1676,83
1677,51
1678,76
1679,44
1680,77
1681,52
1682,54
1683,53
1684,52
1685,74
1686,49
1687,43
1688,43
1689,46
1690,52
1691,43
1692,93
1693,47
1694,53
1695,50
1696,127
1697,43
1698,43
1699,72
1700,46
1701,45
1702,48
1703,61
1704,43
1705,47
1706,95
1707,83
1708,62
1709,89
1710,64
1711,43
1712,56
1713,93
1714,68
1715,53
1716,49
1717,50
1718,99
1719,63
1720,46
1721,47
1722,53
1723,176
1724,56
1725,119
1726,49
1727,99
1728,112
1729,48
1730,52
1731,72
1732,107
1733,91
1734,104
1735,52
1736,53
1737,51
1738,59
1739,70
1740,91
1741,112
1742,49
1743,96
1744,64
1745,45
1746,48
1747,45
1748,97
1749,53
1750,50
1751,51
1752,55
1753,112
1754,46
1755,88
1756,42
1757,45
1758,48
1759,58
1760,65
1761,78
1762,46
1763,52
1764,111
1765,102
1766,82
1767,87
1768,42
1769,108
1770,48
1771,89
1772,103
1773,50
1774,78
1775,60
1776,44
1777,102
1778,56
1779,123
1780,55
1781,54
1782,57
1783,122
1784,43
1785,49
1786,82
1787,60
1788,74
1789,94
1790,57
1791,90
1792,55
1793,58
1794,53
1795,48
1796,73
1797,51
1798,95
1799,105
1800,42
1801,75
1802,88
1803,62
1804,40
1805,45
1806,67
1807,75
1808,55
1809,45
1810,50
1811,46
1812,45
1813,83
1814,57
1815,48
1816,50
1817,49
1818,65
1819,67
1820,96
1821,126
1822,48
1823,112
1824,49
1825,93
1826,60
1827,120
1828,45
1829,51
1830,45
1831,94
1832,105
1833,104
1834,55
1835,82
1836,50
1837,44
1838,136
1839,83
1840,85
1841,61
1842,55
1843,50
1844,45
1845,64
1846,41
1847,40
1848,52
1849,103
1850,49
1851,53
1852,123
1853,57
1854,44
1855,103
1856,70
1857,44
1858,52
1859,44
1860,50
1861,51
1862,111
1863,108
1864,47
1865,52
1866,45
1867,41
1868,68
1869,63
1870,119
1871,58
1872,73
1873,47
1874,51
1875,63
1876,86
1877,47
1878,58
1879,46
1880,117
1881,60
1882,70
1883,39
1884,58
1885,57
1886,125
1887,56
1888,49
1889,41
1890,68
1891,100
1892,131
1893,45
1894,115
1895,50
1896,56
1897,51
1898,103
1899,47
1900,73
1901,44
1902,55
1903,115
1904,55
1905,50
1906,55
1907,41
1908,47
1909,65
1910,51
1911,84
1912,47
1913,111
1914,117
1915,42
1916,54
1917,45
1918,39
1919,50
1920,53
1921,39
1922,56
1923,53
1924,47
1925,47
1926,51
1927,41
1928,98
1929,49
1930,69
1931,46
1932,49
1933,81
1934,64
1935,134
1936,138
1937,49
1938,161
1939,54
1940,55
1941,57
1942,57
1943,52
1944,140
1945,81
1946,59
1947,124
1948,121
1949,46
1950,62
1951,89
1952,51
1953,101
1954,72
1955,112
1956,118
1957,58
1958,46
1959,59
1960,108
1961,56
1962,54
1963,52
1964,129
1965,62
1966,165
1967,50
1968,50
1969,93
1970,49
1971,42
1972,48
1973,56
1974,83
1975,132
1976,64
1977,129
1978,50
1979,90
1980,97
1981,49
1982,118
1983,48
1984,54
1985,109
1986,95
1987,43
1988,38
1989,51
1990,52
1991,42
1992,56
1993,57
1994,131
1995,127
1996,52
1997,43
1998,103
1999,59
2000,43
2001,89
2002,49
2003,49
2004,45
2005,56
2006,120
2007,121
2008,47
2009,98
2010,46
2011,42
2012,52
2013,50
2014,53
2015,43
2016,60
2017,101
2018,59
2019,44
2020,46
2021,118
2022,56
2023,65
2024,144
2025,45
2026,45
2027,47
2028,49
2029,56
2030,47
2031,47
2032,127
2033,128
2034,57
2035,116
2036,138
2037,48
2038,52
2039,40
2040,52
2041,111
2042,150
2043,54
2044,119
2045,64
2046,130
2047,111
2048,130
2049,123
2050,119
2051,59
2052,228
2053,183
2054,49
2055,115
2056,57
2057,53
2058,136
2059,45
2060,125
2061,45
2062,41
2063,80
2064,138
2065,51
2066,56
2067,41
2068,50
2069,47
2070,61
2071,130
2072,146
2073,115
2074,46
2075,55
2076,85
2077,45
2078,49
2079,48
2080,95
2081,48
2082,67
2083,48
2084,102
2085,66
2086,133
2087,50
2088,54
2089,58
2090,98
2091,53
2092,54
2093,43
2094,57
2095,63
2096,50
2097,42
2098,48
2099,47
2100,47
2101,48
2102,52
2103,52
2104,100
2105,46
2106,45
2107,142
2108,112
2109,132
2110,65
2111,100
2112,44
2113,49
2114,75
2115,51
2116,54
2117,43
2118,100
2119,135
2120,118
2121,53
2122,54
2123,109
2124,45
2125,118
2126,43
2127,130
2128,129
2129,45
2130,118
2131,47
2132,59
2133,52
2134,53
2135,52
2136,45
2137,114
2138,114
2139,67
2140,61
2141,47
2142,107
2143,47
2144,47
2145,42
2146,58
2147,139
2148,127
2149,60
2150,58
2151,50
2152,44
2153,120
2154,44
2155,56
2156,47
2157,52
2158,62
2159,44
2160,112
2161,109
2162,112
2163,57
2164,45
2165,43
2166,51
2167,55
2168,59
2169,57
2170,100
2171,46
2172,66
2173,57
2174,59
2175,49
2176,54
2177,122
2178,49
2179,58
2180,53
2181,113
2182,107
2183,53
2184,106
2185,122
2186,136
2187,59
2188,127
2189,118
2190,124
2191,83
2192,53
2193,46
2194,73
2195,118
2196,50
2197,42
2198,44
2199,53
2200,93
2201,47
2202,49
2203,52
2204,114
2205,113
2206,111
2207,60
2208,62
2209,46
2210,124
2211,140
2212,129
2213,54
2214,62
2215,150
2216,48
2217,152
2218,115
2219,66
2220,59
2221,46
2222,139
2223,96
2224,47
2225,58
2226,63
2227,60
2228,99
2229,126
2230,156
2231,62
2232,55
2233,116
2234,55
2235,117
2236,129
2237,140
2238,121
2239,124
2240,63
2241,65
2242,50
2243,48
2244,76
2245,47
2246,68
2247,41
2248,43
2249,98
2250,45
2251,52
2252,102
2253,143
2254,42
2255,50
2256,115
2257,148
2258,48
2259,85
2260,46
2261,51
2262,91
2263,52
2264,109
2265,80
2266,113
2267,50
2268,47
2269,47
2270,140
2271,106
2272,65
2273,47
2274,55
2275,46
2276,58
2277,42
2278,61
2279,104
2280,46
2281,101
2282,76
2283,90
2284,97
2285,54
2286,44
2287,58
2288,130
2289,114
2290,135
2291,127
2292,109
2293,59
2294,46
2295,41
2296,90
2297,62
2298,129
2299,57
2300,53
2301,44
2302,61
2303,44
2304,61
2305,159
2306,78
2307,137
2308,56
2309,57
2310,48
2311,58
2312,57
2313,44
2314,45
2315,128
2316,44
2317,49
2318,127
2319,54
2320,47
2321,130
2322,56
2323,56
2324,57
2325,49
2326,46
2327,114
2328,204
2329,113
2330,162
2331,58
2332,56
2333,46
2334,152
2335,126
2336,58
2337,95
2338,46
2339,143
2340,41
2341,51
2342,129
2343,54
2344,124
2345,45
2346,50
2347,105
2348,145
2349,110
2350,126
2351,46
2352,131
2353,154
2354,123
2355,67
2356,60
2357,68
2358,69
2359,120
2360,53
2361,59
2362,53
2363,81
2364,150
2365,48
2366,94
2367,122
2368,53
2369,46
2370,63
2371,118
2372,66
2373,121
2374,57
2375,68
2376,134
2377,135
2378,62
2379,57
2380,54
2381,68
2382,135
2383,48
2384,122
2385,63
2386,47
2387,140
2388,46
2389,135
2390,124
2391,78
2392,96
2393,51
2394,59
2395,73
2396,52
2397,39
2398,158
2399,68
2400,48
2401,50
2402,43
2403,122
2404,55
2405,45
2406,42
2407,54
2408,122
2409,55
2410,123
2411,48
2412,112
2413,118
2414,55
2415,137
2416,119
2417,42
2418,52
2419,95
2420,45
2421,115
2422,79
2423,43
2424,56
2425,46
2426,121
2427,116
2428,43
2429,64
2430,165
2431,161
2432,119
2433,87
2434,66
2435,69
2436,98
2437,95
2438,88
2439,156
2440,59
2441,56
2442,43
2443,44
2444,53
2445,42
2446,119
2447,60
2448,50
2449,98
2450,46
2451,65
2452,43
2453,52
2454,56
2455,67
2456,131
2457,53
2458,39
2459,53
2460,131
2461,51
2462,59
2463,97
2464,54
2465,155
2466,133
2467,59
2468,55
2469,57
2470,51
2471,62
2472,49
2473,43
2474,125
2475,54
2476,40
2477,61
2478,196
2479,152
2480,53
2481,65
2482,59
2483,44
2484,137
2485,47
2486,132
2487,88
2488,118
2489,151
2490,143
2491,141
2492,48
2493,110
2494,105
2495,59
2496,51
2497,134
2498,133
2499,153
2500,120
2501,65
2502,41
2503,103
2504,66
2505,53
2506,127
2507,44
2508,47
2509,60
2510,53
2511,106
2512,137
2513,55
2514,110
2515,72
2516,67
2517,61
2518,53
2519,53
2520,49
2521,140
2522,45
2523,46
2524,51
2525,58
2526,90
2527,48
2528,125
2529,129
2530,165
2531,146
2532,151
2533,137
2534,121
2535,53
2536,54
2537,46
2538,106
2539,119
2540,135
2541,48
2542,57
2543,50
2544,48
2545,67
2546,152
2547,52
2548,48
2549,60
2550,56
2551,151
2552,105
2553,81
2554,61
2555,119
2556,47
2557,46
2558,46
2559,122
2560,57
2561,51
2562,48
2563,72
2564,116
2565,60
2566,117
2567,130
2568,50
2569,117
2570,61
2571,44
2572,55
2573,54
2574,112
2575,50
2576,46
2577,115
2578,128
2579,117
2580,63
2581,117
2582,163
2583,43
2584,65
2585,145
2586,132
2587,53
2588,126
2589,134
2590,57
2591,130
2592,93
2593,47
2594,46
2595,149
2596,145
2597,119
2598,47
2599,46
2600,79
2601,43
2602,54
2603,44
2604,47
2605,143
2606,61
2607,93
2608,60
2609,53
2610,133
2611,144
2612,58
2613,74
2614,46
2615,49
2616,60
2617,94
2618,114
2619,126
2620,48
2621,119
2622,48
2623,95
2624,109
2625,159
2626,56
2627,129
2628,54
2629,111
2630,54
2631,89
2632,105
2633,161
2634,62
2635,153
2636,117
2637,109
2638,172
2639,57
2640,159
2641,134
2642,69
2643,70
2644,159
2645,161
2646,69
2647,49
2648,55
2649,53
2650,112
2651,143
2652,66
2653,129
2654,51
2655,53
2656,72
2657,48
2658,125
2659,143
2660,66
2661,53
2662,57
2663,130
2664,126
2665,121
2666,53
2667,68
2668,58
2669,87
2670,137
2671,97
2672,54
2673,101
2674,48
2675,43
2676,140
2677,57
2678,51
2679,103
2680,53
2681,66
2682,131
2683,163
2684,55
2685,60
2686,148
2687,53
2688,176
2689,66
2690,58
2691,128
2692,50
2693,120
2694,51
2695,43
2696,58
2697,151
2698,47
2699,121
2700,132
2701,128
2702,55
2703,63
2704,51
2705,54
2706,52
2707,54
2708,51
2709,57
2710,125
2711,118
2712,138
2713,120
2714,61
2715,130
2716,57
2717,170
2718,46
2719,63
2720,104
2721,50
2722,52
2723,104
2724,136
2725,49
2726,47
2727,134
2728,48
2729,59
2730,97
2731,88
2732,53
2733,114
2734,155
2735,73
2736,126
2737,117
2738,69
2739,67
2740,51
2741,66
2742,112
2743,130
2744,68
2745,46
2746,50
2747,52
2748,112
2749,49
2750,101
2751,59
2752,55
2753,149
2754,108
2755,111
2756,138
2757,74
2758,49
2759,56
2760,49
2761,97
2762,132
2763,152
2764,57
2765,54
2766,94
2767,126
2768,55
2769,107
2770,64
2771,89
2772,48
2773,126
2774,84
2775,63
2776,45
2777,135
2778,136
2779,52
2780,48
2781,42
2782,55
2783,40
2784,44
2785,51
2786,57
2787,183
2788,126
2789,135
2790,138
2791,120
2792,45
2793,55
2794,53
2795,54
2796,54
2797,150
2798,126
2799,561
2800,48
2801,45
2802,130
2803,92
2804,48
2805,132
2806,42
2807,71
2808,57
2809,54
2810,66
2811,51
2812,50
2813,50
2814,112
2815,139
2816,63
2817,56
2818,57
2819,59
2820,123
2821,62
2822,140
2823,45
2824,59
2825,54
2826,40
2827,50
2828,170
2829,139
2830,107
2831,161
2832,106
2833,154
2834,39
2835,85
2836,44
2837,69
2838,116
2839,109
2840,78
2841,62
2842,132
2843,72
2844,65
2845,177
2846,141
2847,41
2848,66
2849,83
2850,50
2851,130
2852,114
2853,75
2854,143
2855,61
2856,65
2857,51
2858,68
2859,53
2860,109
2861,56
2862,126
2863,64
2864,127
2865,44
2866,51
2867,98
2868,129
2869,54
2870,130
2871,150
2872,111
2873,106
2874,122
2875,45
2876,132
2877,82
2878,107
2879,130
2880,122
2881,58
2882,57
2883,50
2884,108
2885,57
2886,63
2887,64
2888,44
2889,150
2890,79
2891,62
2892,79
2893,48
2894,175
2895,142
2896,140
2897,52
2898,63
2899,133
2900,169
2901,49
2902,55
2903,68
2904,141
2905,175
2906,52
2907,71
2908,105
2909,121
2910,61
2911,86
2912,43
2913,125
2914,138
2915,188
2916,158
2917,93
2918,56
2919,168
2920,178
2921,116
2922,121
2923,57
2924,59
2925,57
2926,190
2927,124
2928,70
2929,49
2930,64
2931,63
2932,108
2933,119
2934,147
2935,70
2936,132
2937,159
2938,171
2939,139
2940,170
2941,152
2942,67
2943,110
2944,137
2945,70
2946,120
2947,79
2948,42
2949,159
2950,59
2951,106
2952,46
2953,62
2954,66
2955,63
2956,147
2957,175
2958,152
2959,57
2960,100
2961,128
2962,157
2963,89
2964,123
2965,141
2966,144
2967,56
2968,113
2969,130
2970,151
2971,72
2972,63
2973,60
2974,57
2975,69
2976,61
2977,49
2978,63
2979,71
2980,50
2981,164
2982,56
2983,62
2984,50
2985,69
2986,134
2987,46
2988,72
2989,116
2990,42
2991,59
2992,42
2993,141
2994,140
2995,61
2996,61
2997,143
2998,56
2999,86
3000,47
3001,66
3002,148
3003,41
3004,96
3005,188
3006,135
3007,65
3008,74
3009,185
3010,118
3011,63
3012,114
3013,143
3014,62
3015,44
3016,55
3017,57
3018,55
3019,151
3020,112
3021,56
3022,146
3023,61
3024,151
3025,204
3026,47
3027,114
3028,154
3029,49
3030,79
3031,44
3032,71
3033,56
3034,162
3035,52
3036,67
3037,147
3038,166
3039,114
3040,135
3041,121
3042,138
3043,99
3044,100
3045,191
3046,70
3047,50
3048,49
3049,123
3050,110
3051,160
3052,173
3053,94
3054,70
3055,187
3056,58
3057,62
3058,55
3059,139
3060,152
3061,135
3062,143
3063,154
3064,57
3065,78
3066,83
3067,182
3068,161
3069,135
3070,79
3071,57
3072,55
3073,225521
3074,131
3075,85
3076,114
3077,77
3078,127
3079,116
3080,156
3081,86
3082,64
3083,60
3084,70
3085,130
3086,64
3087,100
3088,60
3089,75
3090,88
3091,67
3092,121
3093,233
3094,97
3095,60
3096,161
3097,194
3098,53
3099,62
3100,76
3101,160
3102,50
3103,68
3104,58
3105,98
3106,102
3107,79
3108,69
3109,190
3110,137
3111,161
3112,71
3113,134
3114,68
3115,70
3116,50
3117,135
3118,55
3119,61
3120,49
3121,59
3122,57
3123,69
3124,95
3125,55
3126,55
3127,73
3128,137
3129,62
3130,49
3131,122
3132,151
3133,122
3134,60
3135,75
3136,71
3137,70
3138,76
3139,85
3140,86
3141,125
3142,131
3143,69
3144,79
3145,49
3146,88
3147,102
3148,58
3149,62
3150,64
3151,73
3152,56
3153,51
3154,76
3155,81
3156,61
3157,55
3158,59
3159,108
3160,46
3161,57
3162,60
3163,112
3164,139
3165,59
3166,52
3167,67
3168,141
3169,71
3170,63
3171,135
3172,141
3173,53
3174,53
3175,51
3176,118
3177,73
3178,59
3179,77
3180,60
3181,126
3182,154
3183,60
3184,169
3185,53
3186,142
3187,86
3188,49
3189,78
3190,44
3191,56
3192,58
3193,135
3194,60
3195,66
3196,68
3197,56
3198,135
3199,155
3200,49
3201,154
3202,72
3203,137
3204,59
3205,55
3206,145
3207,70
3208,52
3209,50
3210,54
3211,51
3212,229
3213,66
3214,126
3215,57
3216,51
3217,49
3218,52
3219,135
3220,59
3221,57
3222,47
3223,53
3224,54
3225,160
3226,101
3227,122
3228,49
3229,52
3230,106
3231,46
3232,49
3233,50
3234,54
3235,50
3236,113
3237,71
3238,152
3239,127
3240,49
3241,48
3242,55
3243,134
3244,46
3245,90
3246,130
3247,50
3248,143
3249,58
3250,151
3251,54
3252,53
3253,144
3254,134
3255,59
3256,95
3257,124
3258,157
3259,123
3260,143
3261,57
3262,106
3263,49
3264,144
3265,41
3266,74
3267,56
3268,120
3269,46
3270,129
3271,55
3272,52
3273,63
3274,50
3275,57
3276,61
3277,51
3278,66
3279,127
3280,108
3281,116
3282,134
3283,51
3284,57
3285,53
3286,81
3287,53
3288,60
3289,53
3290,61
3291,55
3292,46
3293,146
3294,121
3295,135
3296,73
3297,52
3298,50
3299,52
3300,112
3301,68
3302,50
3303,62
3304,58
3305,46
3306,55
3307,49
3308,73
3309,116
3310,161
3311,48
3312,105
3313,57
3314,63
3315,52
3316,130
3317,111
3318,49
3319,143
3320,52
3321,53
3322,125
3323,156
3324,72
3325,116
3326,53
3327,51
3328,114
3329,66
3330,50
3331,67
3332,125
3333,87
3334,115
3335,51
3336,74
3337,148
3338,118
3339,132
3340,51
3341,50
3342,64
3343,56
3344,67
3345,84
3346,63
3347,62
3348,53
3349,52
3350,58
3351,89
3352,100
3353,154
3354,51
3355,49
3356,45
3357,132
3358,130
3359,54
3360,44
3361,54
3362,108
3363,143
3364,58
3365,42
3366,51
3367,54
3368,124
3369,120
3370,133
3371,68
3372,161
3373,158
3374,53
3375,50
3376,48
3377,72
3378,127
3379,97
3380,132
3381,49
3382,50
3383,55
3384,52
3385,52
3386,79
3387,63
3388,56
3389,44
3390,153
3391,128
3392,123
3393,93
3394,54
3395,107
3396,122
3397,63
3398,56
3399,43
3400,53
3401,142
3402,50
3403,61
3404,61
3405,115
3406,53
3407,51
3408,45
3409,48
3410,115
3411,56
3412,66
3413,53
3414,131
3415,144
3416,53
3417,54
3418,57
3419,54
3420,50
3421,54
3422,141
3423,75
3424,144
3425,48
3426,96
3427,57
3428,50
3429,52
3430,140
3431,152
3432,141
3433,55
3434,60
3435,144
3436,167
3437,129
3438,58
3439,42
3440,125
3441,74
3442,62
3443,48
3444,44
3445,54
3446,47
3447,132
3448,114
3449,127
3450,46
3451,71
3452,50
3453,52
3454,55
3455,44
3456,50
3457,103
3458,52
3459,47
3460,130
3461,50
3462,50
3463,89
3464,55
3465,56
3466,58
3467,64
3468,55
3469,125
3470,44
3471,54
3472,157
3473,56
3474,122
3475,49
3476,47
3477,52
3478,100
3479,53
3480,48
3481,45
3482,50
3483,46
3484,134
3485,45
3486,55
3487,110
3488,123
3489,44
3490,44
3491,52
3492,52
3493,46
3494,85
3495,58
3496,47
3497,152
3498,87
3499,123
3500,152
3501,47
3502,60
3503,41
3504,53
3505,58
3506,125
3507,114
3508,59
3509,121
3510,139
3511,76
3512,46
3513,49
3514,126
3515,101
3516,111
3517,137
3518,57
3519,56
3520,47
3521,118
3522,99
3523,65
3524,57
3525,45
3526,50
3527,50
3528,141
3529,51
3530,52
3531,59
3532,59
3533,48
3534,43
3535,64
3536,52
3537,47
3538,98
3539,50
3540,147
3541,51
3542,59
3543,66
3544,63
3545,68
3546,49
3547,46
3548,45
3549,119
3550,44
3551,121
3552,46
3553,59
3554,137
3555,51
3556,180
3557,139
3558,116
3559,51
3560,61
3561,135
3562,50
3563,44
3564,79
3565,137
3566,57
3567,132
3568,132
3569,47
3570,159
3571,46
3572,115
3573,93
3574,54
3575,54
3576,50
3577,57
3578,48
3579,61
3580,141
3581,49
3582,51
3583,45
3584,48
3585,122
3586,134
3587,145
3588,98
3589,49
3590,58
3591,152
3592,46
3593,147
3594,51
3595,160
3596,43
3597,128
3598,42
3599,49
3600,183
3601,59
3602,49
3603,50
3604,45
3605,46
3606,62
3607,48
3608,131
3609,56
3610,126
3611,51
3612,58
3613,57
3614,47
3615,59
3616,131
3617,143
3618,107
3619,128
3620,43
3621,122
3622,49
3623,63
3624,58
3625,47
3626,47
3627,54
3628,142
3629,51
3630,54
3631,47
3632,65
3633,139
3634,68
3635,50
3636,61
3637,76
3638,46
3639,48
3640,106
3641,49
3642,148
3643,64
3644,143
3645,48
3646,58
3647,53
3648,70
3649,47
3650,139
3651,96
3652,45
3653,56
3654,54
3655,62
3656,47
3657,108
3658,126
3659,69
3660,52
3661,120
3662,71
3663,48
3664,54
3665,137
3666,47
3667,62
3668,58
3669,43
3670,155
3671,43
3672,50
3673,117
3674,51
3675,148
3676,46
3677,53
3678,62
3679,55
3680,88
3681,53
3682,47
3683,62
3684,51
3685,56
3686,67
3687,46
3688,56
3689,61
3690,40
3691,61
3692,54
3693,133
3694,182
3695,52
3696,51
3697,47
3698,63
3699,64
3700,60
3701,121
3702,61
3703,48
3704,167
3705,56
3706,137
3707,66
3708,61
3709,72
3710,150
3711,75
3712,47
3713,134
3714,48
3715,132
3716,123
3717,58
3718,56
3719,46
3720,118
3721,69
3722,50
3723,51
3724,46
3725,83
3726,66
3727,120
3728,49
3729,47
3730,73
3731,55
3732,137
3733,131
3734,52
3735,51
3736,144
3737,58
3738,50
3739,49
3740,45
3741,44
3742,118
3743,141
3744,147
3745,141
3746,51
3747,49
3748,43
3749,47
3750,43
3751,137
3752,46
3753,51
3754,129
3755,48
3756,44
3757,43
3758,147
3759,119
3760,122
3761,125
3762,150
3763,143
3764,51
3765,57
3766,156
3767,64
3768,53
3769,51
3770,137
3771,53
3772,139
3773,52
3774,59
3775,132
3776,61
3777,77
3778,48
3779,48
3780,45
3781,118
3782,150
3783,51
3784,53
3785,47
3786,49
3787,41
3788,50
3789,134
3790,62
3791,47
3792,61
3793,60
3794,49
3795,140
3796,52
3797,53
3798,142
3799,82
3800,67
3801,84
3802,56
3803,48
3804,214
3805,153
3806,56
3807,45
3808,66
3809,43
3810,60
3811,124
3812,56
3813,168
3814,59
3815,153
3816,51
3817,73
3818,53
3819,56
3820,48
3821,120
3822,144
3823,45
3824,61
3825,121
3826,141
3827,52
3828,50
3829,46
3830,57
3831,57
3832,64
3833,91
3834,139
3835,63
3836,135
3837,62
3838,50
3839,75
3840,65
3841,135
3842,63
3843,96
3844,83
3845,65
3846,59
3847,69
3848,127
3849,47
3850,68
3851,55
3852,46
3853,53
3854,57
3855,78
3856,126
3857,149
3858,66
3859,59
3860,46
3861,188
3862,116
3863,53
3864,143
3865,55
3866,129
3867,54
3868,56
3869,222
3870,43
3871,61
3872,53
3873,63
3874,148
3875,41
3876,147
3877,58
3878,51
3879,61
3880,59
3881,56
3882,189
3883,151
3884,65
3885,52
3886,57
3887,142
3888,134
3889,66
3890,57
3891,146
3892,138
3893,137
3894,155
3895,58
3896,62
3897,125
3898,62
3899,46
3900,54
3901,54
3902,53
3903,52
3904,51
3905,76
3906,150
3907,105
3908,158
3909,48
3910,53
3911,58
3912,168
3913,47
3914,119
3915,146
3916,149
3917,68
3918,161
3919,58
3920,51
3921,124
3922,51
3923,133
3924,87
3925,133
3926,56
3927,51
3928,54
3929,60
3930,45
3931,61
3932,173
3933,60
3934,163
3935,40
3936,158
3937,51
3938,86
3939,56
3940,46
3941,51
3942,166
3943,163
3944,147
3945,46
3946,136
3947,54
3948,64
3949,48
3950,53
3951,52
3952,52
3953,106
3954,53
3955,54
3956,46
3957,58
3958,52
3959,48
3960,159
3961,140
3962,113
3963,57
3964,57
3965,165
3966,48
3967,62
3968,57
3969,56
3970,47
3971,51
3972,51
3973,123
3974,175
3975,173
3976,57
3977,130
3978,46
3979,49
3980,50
3981,166
3982,58
3983,51
3984,135
3985,58
3986,125
3987,147
3988,61
3989,49
3990,50
3991,46
3992,51
3993,55
3994,43
3995,57
3996,59
3997,55
3998,44
3999,156
4000,132
4001,58
4002,68
4003,58
4004,161
4005,57
4006,58
4007,47
4008,140
4009,138
4010,47
4011,45
4012,52
4013,50
4014,161
4015,55
4016,50
4017,53
4018,51
4019,58
4020,57
4021,163
4022,186
4023,141
4024,53
4025,152
4026,61
4027,130
4028,57
4029,48
4030,75
4031,46
4032,54
4033,155
4034,44
4035,54
4036,142
4037,56
4038,62
4039,47
4040,56
4041,77
4042,59
4043,46
4044,148
4045,111
4046,154
4047,170
4048,46
4049,171
4050,66
4051,65
4052,61
4053,54
4054,150
4055,135
4056,51
4057,45
4058,60
4059,143
4060,130
4061,138
4062,69
4063,136
4064,59
4065,158
4066,55
4067,152
4068,63
4069,73
4070,188
4071,57
4072,55
4073,59
4074,47
4075,142
4076,54
4077,176
4078,66
4079,54
4080,63
4081,152
4082,114
4083,51
4084,51
4085,66
4086,47
4087,184
4088,52
4089,54
4090,53
4091,57
4092,149
4093,51
4094,49
4095,141
4096,57
4097,59
4098,63
4099,44
4100,58
4101,100
4102,142
4103,213
4104,56
4105,63
4106,156
4107,176
4108,74
4109,157
4110,147
4111,84
4112,49
4113,59
4114,67
4115,149
4116,48
4117,286
4118,145
4119,144
4120,59
4121,57
4122,182
4123,66
4124,53
4125,155
4126,61
4127,158
4128,134
4129,57
4130,159
4131,57
4132,60
4133,48
4134,55
4135,51
4136,146
4137,50
4138,58
4139,81
4140,145
4141,79
4142,184
4143,148
4144,163
4145,61
4146,60
4147,50
4148,52
4149,52
4150,76
4151,45
4152,55
4153,133
4154,159
4155,138
4156,149
4157,148
4158,136
4159,49
4160,120
4161,164
4162,63
4163,160
4164,127
4165,49
4166,59
4167,145
4168,48
4169,157
4170,57
4171,150
4172,62
4173,52
4174,48
4175,139
4176,57
4177,52
4178,186
4179,60
4180,48
4181,52
4182,150
4183,51
4184,57
4185,135
4186,51
4187,142
4188,100
4189,57
4190,48
4191,128
4192,50
4193,45
4194,48
4195,50
4196,179
4197,61
4198,125
4199,55
4200,53
4201,51
4202,49
4203,158
4204,50
4205,48
4206,94
4207,156
4208,146
4209,123
4210,65
4211,54
4212,134
4213,76
4214,62
4215,57
4216,64
4217,154
4218,182
4219,56
4220,64
4221,40
4222,49
4223,156
4224,52
4225,137
4226,163
4227,61
4228,237
4229,77
4230,58
4231,167
4232,64
4233,45
4234,162
4235,52
4236,163
4237,132
4238,58
4239,48
4240,55
4241,132
4242,56
4243,56
4244,47
4245,52
4246,50
4247,49
4248,132
4249,66
4250,154
4251,53
4252,41
4253,54
4254,51
4255,125
4256,124
4257,59
4258,45
4259,146
4260,163
4261,52
4262,73
4263,54
4264,61
4265,136
4266,56
4267,50
4268,48
4269,146
4270,52
4271,116
4272,154
4273,46
4274,104
4275,156
4276,49
4277,142
4278,52
4279,51
4280,65
4281,48
4282,131
4283,50
4284,49
4285,43
4286,65
4287,152
4288,48
4289,136
4290,97
4291,49
4292,43
4293,52
4294,143
4295,51
4296,178
4297,61
4298,60
4299,165
4300,47
4301,188
4302,133
4303,58
4304,160
4305,52
4306,52
4307,165
4308,164
4309,52
4310,60
4311,50
4312,57
4313,168
4314,151
4315,57
4316,48
4317,144
4318,54
4319,120
4320,159
4321,50
4322,49
4323,56
4324,47
4325,67
4326,186
4327,48
4328,48
4329,178
4330,54
4331,60
4332,160
4333,54
4334,145
4335,153
4336,47
4337,48
4338,63
4339,57
4340,43
4341,200
4342,56
4343,50
4344,59
4345,48
4346,43
4347,159
4348,70
4349,68
4350,57
4351,56
4352,53
4353,191
4354,54
4355,171
4356,55
4357,53
4358,42
4359,159
4360,72
4361,57
4362,125
4363,54
4364,47
4365,60
4366,189
4367,59
4368,52
4369,50
4370,209
4371,46
4372,85
4373,153
4374,62
4375,172
4376,158
4377,86
4378,144
4379,135
4380,49
4381,96
4382,159
4383,51
4384,171
4385,138
4386,66
4387,42
4388,120
4389,118
4390,56
4391,46
4392,45
4393,53
4394,61
4395,57
4396,42
4397,43
4398,62
4399,73
4400,47
4401,62
4402,131
4403,66
4404,150
4405,67
4406,80
4407,47
4408,106
4409,159
4410,116
4411,51
4412,61
4413,57
4414,152
4415,56
4416,184
4417,144
4418,145
4419,47
4420,176
4421,173
4422,207
4423,63
4424,48
4425,45
4426,165
4427,49
4428,63
4429,76
4430,91
4431,48
4432,120
4433,67
4434,72
4435,210
4436,149
4437,44
4438,55
4439,128
4440,55
4441,160
4442,57
4443,41
4444,53
4445,52
4446,152
4447,50
4448,158
4449,171
4450,48
4451,145
4452,57
4453,144
4454,55
4455,154
4456,53
4457,104
4458,108
4459,46
4460,162
4461,141
4462,58
4463,61
4464,99
4465,152
4466,237
4467,61
4468,58
4469,164
4470,49
4471,57
4472,198
4473,48
4474,152
4475,67
4476,162
4477,147
4478,52
4479,45
4480,150
4481,68
4482,140
4483,59
4484,56
4485,150
4486,53
4487,151
4488,130
4489,45
4490,59
4491,68
4492,193
4493,162
4494,58
4495,50
4496,144
4497,66
4498,151
4499,59
4500,46
4501,71
4502,67
4503,48
4504,155
4505,50
4506,56
4507,53
4508,125
4509,150
4510,56
4511,49
4512,149
4513,145
4514,140
4515,48
4516,56
4517,111
4518,56
4519,43
4520,47
4521,45
4522,65
4523,50
4524,174
4525,53
4526,61
4527,47
4528,159
4529,48
4530,46
4531,63
4532,167
4533,47
4534,147
4535,152
4536,85
4537,55
4538,97
4539,56
4540,56
4541,50
4542,53
4543,166
4544,85
4545,62
4546,184
4547,53
4548,157
4549,108
4550,103
4551,51
4552,191
4553,128
4554,46
4555,152
4556,58
4557,113
4558,52
4559,130
4560,57
4561,52
4562,54
4563,51
4564,53
4565,57
4566,44
4567,138
4568,48
4569,149
4570,70
4571,56
4572,71
4573,189
4574,178
4575,156
4576,170
4577,90
4578,155
4579,183
4580,69
4581,48
4582,124
4583,148
4584,105
4585,175
4586,129
4587,171
4588,51
4589,170
4590,62
4591,158
4592,122
4593,179
4594,54
4595,41
4596,47
4597,153
4598,40
4599,59
4600,104
4601,50
4602,79
4603,63
4604,48
4605,62
4606,100
4607,66
4608,53
4609,188
4610,47
4611,53
4612,148
4613,64
4614,51
4615,55
4616,148
4617,197
4618,137
4619,213
4620,69
4621,54
4622,66
4623,56
4624,181
4625,60
4626,178
4627,50
4628,50
4629,43
4630,46
4631,57
4632,172
4633,65
4634,65
4635,62
4636,194
4637,47
4638,154
4639,161
4640,46
4641,47
4642,179
4643,45
4644,53
4645,184
4646,132
4647,186
4648,177
4649,49
4650,42
4651,145
4652,61
4653,61
4654,153
4655,183
4656,67
4657,57
4658,57
4659,46
4660,157
4661,145
4662,51
4663,204
4664,42
4665,64
4666,55
4667,155
4668,164
4669,184
4670,150
4671,167
4672,179
4673,58
4674,43
4675,38
4676,53
4677,50
4678,96
4679,194
4680,65
4681,205
4682,42
4683,63
4684,152
4685,45
4686,66
4687,66
4688,120
4689,179
4690,53
4691,45
4692,63
4693,61
4694,123
4695,48
4696,58
4697,147
4698,180
4699,75
4700,190
4701,49
4702,49
4703,49
4704,48
4705,55
4706,71
4707,61
4708,61
4709,128
4710,106
4711,52
4712,176
4713,140
4714,63
4715,55
4716,207
4717,47
4718,71
4719,131
4720,106
4721,128
4722,61
4723,186
4724,52
4725,195
4726,63
4727,57
4728,219
4729,174
4730,127
4731,57
4732,175
4733,58
4734,56
4735,45
4736,56
4737,140
4738,184
4739,56
4740,45
4741,56
4742,52
4743,157
4744,60
4745,170
4746,203
4747,172
4748,54
4749,66
4750,47
4751,46
4752,160
4753,240
4754,197
4755,185
4756,42
4757,48
4758,51
4759,54
4760,173
4761,151
4762,53
4763,52
4764,177
4765,50
4766,51
4767,180
4768,64
4769,42
4770,61
4771,165
4772,63
4773,49
4774,49
4775,139
4776,236
4777,80
4778,68
4779,172
4780,161
4781,161
4782,173
4783,226
4784,61
4785,50
4786,64
4787,70
4788,104
4789,171
4790,56
4791,172
4792,66
4793,61
4794,183
4795,75
4796,60
4797,75
4798,145
4799,151
4800,111
4801,56
4802,186
4803,141
4804,86
4805,68
4806,62
4807,150
4808,156
4809,67
4810,195
4811,150
4812,167
4813,145
4814,137
4815,51
4816,131
4817,117
4818,64
4819,150
4820,66
4821,159
4822,136
4823,51
4824,88
4825,50
4826,59
4827,56
4828,52
4829,197
4830,61
4831,147
4832,158
4833,70
4834,201
4835,60
4836,167
4837,54
4838,63
4839,51
4840,199
4841,89
4842,141
4843,56
4844,164
4845,55
4846,168
4847,61
4848,50
4849,160
4850,166
4851,62
4852,187
4853,69
4854,165
4855,58
4856,63
4857,186
4858,57
4859,205
4860,143
4861,137
4862,59
4863,171
4864,73
4865,133
4866,198
4867,207
4868,52
4869,50
4870,164
4871,190
4872,59
4873,54
4874,47
4875,58
4876,59
4877,53
4878,86
4879,66
4880,65
4881,65
4882,61
4883,60
4884,73
4885,53
4886,56
4887,174
4888,149
4889,53
4890,122
4891,50
4892,62
4893,66
4894,57
4895,147
4896,179
4897,54
4898,149
4899,76
4900,158
4901,145
4902,57
4903,214
4904,60
4905,204
4906,75
4907,138
4908,57
4909,46
4910,57
4911,156
4912,64
4913,60
4914,53
4915,142
4916,219
4917,180
4918,68
4919,141
4920,157
4921,59
4922,52
4923,67
4924,174
4925,179
4926,70
4927,50
4928,139
4929,65
4930,141
4931,57
4932,46
4933,129
4934,56
4935,58
4936,65
4937,55
4938,159
4939,160
4940,43
4941,53
4942,58
4943,172
4944,57
4945,129
4946,53
4947,136
4948,52
4949,138
4950,50
4951,54
4952,67
4953,162
4954,95
4955,52
4956,142
4957,63
4958,52
4959,49
4960,127
4961,54
4962,56
4963,51
4964,180
4965,177
4966,180
4967,64
4968,154
4969,182
4970,62
4971,153
4972,150
4973,147
4974,184
4975,95
4976,59
4977,63
4978,153
4979,167
4980,147
4981,69
4982,62
4983,62
4984,55
4985,54
4986,94
4987,53
4988,49
4989,187
4990,221
4991,54
4992,60
4993,212
4994,158
4995,162
4996,54
4997,151
4998,52
4999,54
5000,168
5001,57
5002,174
5003,61
5004,60
5005,128
5006,257
5007,52
5008,149
5009,115
5010,189
5011,60
5012,149
5013,160
5014,162
5015,57
5016,61
5017,209
5018,59
5019,51
5020,71
5021,56
5022,246
5023,64
5024,58
5025,146
5026,51
5027,217
5028,102
5029,54
5030,50
5031,189
5032,202
5033,48
5034,60
5035,88
5036,59
5037,60
5038,212
5039,66
5040,51
5041,117
5042,53
5043,65
5044,60
5045,63
5046,168
5047,57
5048,189
5049,45
5050,48
5051,46
5052,55
5053,46
5054,57
5055,163
5056,55
5057,66
5058,175
5059,60
5060,54
5061,63
5062,179
5063,49
5064,206
5065,71
5066,189
5067,66
5068,77
5069,54
5070,51
5071,62
5072,50
5073,43
5074,145
5075,60
5076,159
5077,68
5078,173
5079,61
5080,161
5081,151
5082,185
5083,163
5084,146
5085,55
5086,91
5087,59
5088,191
5089,181
5090,144
5091,158
5092,57
5093,53
5094,52
5095,54
5096,54
5097,79
5098,182
5099,65
5100,142
5101,176
5102,47
5103,118
5104,164
5105,879
5106,175
5107,147
5108,46
5109,189
5110,64
5111,142
5112,65
5113,167
5114,56
5115,49
5116,175
5117,142
5118,68
5119,68
5120,62
5121,53
5122,130
5123,68
5124,168
5125,49
5126,47
5127,257
5128,58
5129,56
5130,50
5131,56
5132,184
5133,69
5134,134
5135,204
5136,70
5137,213
5138,65
5139,52
5140,169
5141,197
5142,53
5143,53
5144,60
5145,53
5146,200
5147,45
5148,54
5149,181
5150,208
5151,196
5152,55
5153,62
5154,57
5155,60
5156,56
5157,177
5158,149
5159,228
5160,69
5161,57
5162,59
5163,57
5164,162
5165,53
5166,226
5167,46
5168,67
5169,153
5170,200
5171,64
5172,194
5173,56
5174,53
5175,190
5176,189
5177,55
5178,92
5179,60
5180,60
5181,62
5182,56
5183,180
5184,47
5185,227
5186,60
5187,54
5188,121
5189,148
5190,154
5191,61
5192,58
5193,64
5194,53
5195,43
5196,47
5197,166
5198,57
5199,67
5200,51
5201,62
5202,182
5203,55
5204,72
5205,202
5206,53
5207,127
5208,180
5209,49
5210,53
5211,56
5212,53
5213,42
5214,187
5215,60
5216,45
5217,206
5218,60
5219,55
5220,180
5221,298
5222,143
5223,173
5224,53
5225,160
5226,43
5227,55
5228,50
5229,168
5230,65
5231,157
5232,49
5233,45
5234,56
5235,198
5236,129
5237,206
5238,83
5239,179
5240,52
5241,52
5242,53
5243,64
5244,52
5245,66
5246,64
5247,184
5248,70
5249,58
5250,58
5251,192
5252,65
5253,152
5254,177
5255,67
5256,137
5257,50
5258,192
5259,51
5260,48
5261,180
5262,133
5263,60
5264,168
5265,153
5266,61
5267,50
5268,170
5269,94
5270,71
5271,62
5272,56
5273,162
5274,55
5275,67
5276,58
5277,175
5278,163
5279,54
5280,51
5281,147
5282,173
5283,42
5284,54
5285,53
5286,49
5287,61
5288,170
5289,224
5290,105
5291,59
5292,142
5293,148
5294,205
5295,58
5296,189
5297,60
5298,46
5299,333
5300,186
5301,61
5302,226
5303,204
5304,54
5305,97
5306,221
5307,52
5308,205
5309,62
5310,55
5311,152
5312,52
5313,68
5314,131
5315,51
5316,216
5317,53
5318,153
5319,185
5320,53
5321,58
5322,180
5323,154
5324,47
5325,172
5326,67
5327,164
5328,53
5329,190
5330,207
5331,58
5332,243
5333,59
5334,124
5335,48
5336,53
5337,162
5338,186
5339,153
5340,216
5341,67
5342,191
5343,197
5344,163
5345,136
5346,59
5347,47
5348,177
5349,149
5350,44
5351,57
5352,50
5353,64
5354,181
5355,198
5356,161
5357,181
5358,50
5359,59
5360,66
5361,141
5362,209
5363,166
5364,60
5365,59
5366,230
5367,152
5368,57
5369,136
5370,146
5371,199
5372,144
5373,151
5374,46
5375,60
5376,189
5377,67
5378,56
5379,212
5380,67
5381,54
5382,174
5383,180
5384,59
5385,63
5386,59
5387,63
5388,166
5389,61
5390,220
5391,188
5392,174
5393,158
5394,198
5395,200
5396,65
5397,69
5398,238
5399,98
5400,58
5401,191
5402,51
5403,202
5404,186
5405,74
5406,175
5407,178
5408,579
5409,64
5410,68
5411,50
5412,64
5413,57
5414,44
5415,56
5416,175
5417,193
5418,156
5419,54
5420,195
5421,42
5422,63
5423,57
5424,58
5425,198
5426,234
5427,60
5428,63
5429,151
5430,59
5431,66
5432,207
5433,49
5434,53
5435,54
5436,64
5437,199
5438,77
5439,65
5440,56
5441,203
5442,50
5443,47
5444,163
5445,197
5446,233
5447,164
5448,67
5449,67
5450,177
5451,203
5452,98
5453,51
5454,183
5455,77
5456,63
5457,58
5458,92
5459,55
5460,125
5461,195
5462,90
5463,62
5464,173
5465,119
5466,70
5467,141
5468,145
5469,195
5470,67
5471,58
5472,70
5473,211
5474,207
5475,72
5476,55
5477,225
5478,62
5479,63
5480,198
5481,53
5482,53
5483,50
5484,56
5485,53
5486,66
5487,53
5488,187
5489,167
5490,164
5491,49
5492,62
5493,61
5494,65
5495,194
5496,66
5497,99
5498,64
5499,55
5500,57
5501,57
5502,163
5503,248
5504,53
5505,56
5506,135
5507,202
5508,179
5509,225
5510,189
5511,155
5512,227
5513,162
5514,62
5515,167
5516,155
5517,157
5518,73
5519,157
5520,196
5521,172
5522,65
5523,54
5524,201
5525,70
5526,190
5527,57
5528,191
5529,172
5530,175
5531,61
5532,51
5533,52
5534,69
5535,175
5536,68
5537,62
5538,213
5539,55
5540,152
5541,54
5542,69
5543,48
5544,69
5545,198
5546,56
5547,177
5548,211
5549,55
5550,57
5551,239
5552,71
5553,47
5554,59
5555,61
5556,205
5557,55
5558,182
5559,63
5560,103
5561,138
5562,55
5563,216
5564,52
5565,205
5566,46
5567,44
5568,186
5569,233
5570,225
5571,173
5572,53
5573,227
5574,53
5575,188
5576,58
5577,216
5578,60
5579,189
5580,192
5581,133
5582,64
5583,214
5584,60
5585,179
5586,77
5587,59
5588,55
5589,53
5590,59
5591,59
5592,69
5593,124
5594,124
5595,54
5596,264
5597,63
5598,59
5599,66
5600,161
5601,223
5602,225
5603,62
5604,72
5605,63
5606,85
5607,84
5608,208
5609,171
5610,56
5611,58
5612,49
5613,215
5614,244
5615,192
5616,56
5617,54
5618,59
5619,179
5620,49
5621,46
5622,63
5623,45
5624,60
5625,154
5626,204
5627,71
5628,55
5629,178
5630,48
5631,181
5632,139
5633,119
5634,123
5635,242
5636,307
5637,139
5638,44
5639,58
5640,217
5641,194
5642,181
5643,138
5644,204
5645,81
5646,216
5647,191
5648,195
5649,186
5650,61
5651,153
5652,67
5653,60
5654,62
5655,146
5656,181
5657,177
5658,206
5659,152
5660,174
5661,185
5662,163
5663,248
5664,161
5665,70
5666,211
5667,45
5668,134
5669,64
5670,74
5671,204
5672,57
5673,171
5674,59
5675,209
5676,45
5677,58
5678,67
5679,201
5680,67
5681,182
5682,194
5683,72
5684,130
5685,179
5686,52
5687,183
5688,160
5689,253
5690,63
5691,184
5692,174
5693,156
5694,71
5695,215
5696,177
5697,46
5698,231
5699,212
5700,237
5701,183
5702,64
5703,65
5704,68
5705,71
5706,222
5707,79
5708,63
5709,81
5710,161
5711,181
5712,45
5713,67
5714,50
5715,195
5716,71
5717,232
5718,204
5719,147
5720,54
5721,172
5722,230
5723,66
5724,274
5725,224
5726,64
5727,171
5728,79
5729,181
5730,55
5731,168
5732,208
5733,84
5734,66
5735,202
5736,263
5737,76
5738,67
5739,63
5740,199
5741,53
5742,178
5743,190
5744,68
5745,68
5746,200
5747,203
5748,65
5749,116
5750,154
5751,69
5752,73
5753,203
5754,176
5755,250
5756,76
5757,75
5758,68
5759,166
5760,193
5761,224
5762,151
5763,57
5764,67
5765,61
5766,70
5767,139
5768,56
5769,40
5770,169
5771,177
5772,191
5773,201
5774,56
5775,65
5776,254
5777,209
5778,180
5779,56
5780,60
5781,79
5782,70
5783,135
5784,57
5785,62
5786,60
5787,168
5788,66
5789,181
5790,178
5791,169
5792,112
5793,70
5794,67
5795,67
5796,83
5797,66
5798,141
5799,63
5800,62
5801,195
5802,209
5803,135
5804,157
5805,64
5806,48
5807,194
5808,211
5809,65
5810,144
5811,64
5812,156
5813,74
5814,184
5815,57
5816,119
5817,211
5818,56
5819,60
5820,172
5821,59
5822,56
5823,56
5824,151
5825,178
5826,64
5827,228
5828,60
5829,58
5830,172
5831,63
5832,210
5833,62
5834,237
5835,71
5836,155
5837,177
5838,54
5839,63
5840,62
5841,58
5842,149
5843,178
5844,147
5845,65
5846,69
5847,130
5848,66
5849,58
5850,214
5851,66
5852,226
5853,70
5854,189
5855,62
5856,66
5857,62
5858,174
5859,60
5860,57
5861,59
5862,169
5863,244
5864,224
5865,48
5866,67
5867,62
5868,60
5869,199
5870,75
5871,45
5872,157
5873,61
5874,60
5875,56
5876,56
5877,264
5878,176
5879,136
5880,62
5881,55
5882,219
5883,55
5884,61
5885,215
5886,154
5887,58
5888,60
5889,73
5890,149
5891,52
5892,58
5893,211
5894,61
5895,169
5896,186
5897,53
5898,63
5899,167
5900,78
5901,221
5902,142
5903,196
5904,186
5905,50
5906,66
5907,178
5908,252
5909,268
5910,204
5911,58
5912,181
5913,68
5914,183
5915,167
5916,219
5917,72
5918,194
5919,239
5920,65
5921,55
5922,216
5923,57
5924,67
5925,48
5926,193
5927,139
5928,171
5929,60
5930,61
5931,255
5932,62
5933,62
5934,221
5935,194
5936,185
5937,182
5938,176
5939,58
5940,68
5941,47
5942,228
5943,62
5944,58
5945,56
5946,48
5947,56
5948,49
5949,177
5950,170
5951,66
5952,180
5953,136
5954,68
5955,59
5956,197
5957,239
5958,64
5959,169
5960,172
5961,83
5962,170
5963,196
5964,199
5965,55
5966,149
5967,82
5968,187
5969,150
5970,174
5971,154
5972,86
5973,61
5974,208
5975,56
5976,128
5977,219
5978,184
5979,102
5980,184
5981,157
5982,195
5983,71
5984,66
5985,167
5986,172
5987,70
5988,204
5989,193
5990,157
5991,220
5992,157
5993,227
5994,166
5995,186
5996,45
5997,271
5998,68
5999,144
6000,60
6001,92
6002,127
6003,61
6004,61
6005,160
6006,62
6007,163
6008,70
6009,69
6010,66
6011,85
6012,57
6013,51
6014,64
6015,183
6016,185
6017,175
6018,64
6019,204
6020,195
6021,175
6022,72
6023,216
6024,61
6025,64
6026,187
6027,62
6028,66
6029,68
6030,85
6031,56
6032,244
6033,77
6034,176
6035,187
6036,59
6037,213
6038,211
6039,62
6040,68
6041,224
6042,68
6043,61
6044,45
6045,193
6046,53
6047,194
6048,54
6049,59
6050,210
6051,71
6052,187
6053,145
6054,66
6055,63
6056,126
6057,49
6058,222
6059,178
6060,55
6061,78
6062,220
6063,143
6064,55
6065,54
6066,54
6067,158
6068,53
6069,193
6070,189
6071,249
6072,53
6073,62
6074,133
6075,184
6076,86
6077,74
6078,215
6079,68
6080,130
6081,49
6082,127
6083,60
6084,178
6085,142
6086,268
6087,239
6088,142
6089,193
6090,179
6091,237
6092,71
6093,185
6094,218
6095,191
6096,160
6097,135
6098,68
6099,228
6100,203
6101,173
6102,243
6103,65
6104,56
6105,180
6106,75
6107,57
6108,178
6109,221
6110,163
6111,227
6112,53
6113,55
6114,62
6115,209
6116,69
6117,72
6118,46
6119,201
6120,179
6121,195
6122,59
6123,57
6124,211
6125,60
6126,89
6127,45
6128,173
6129,57
6130,49
6131,62
6132,171
6133,133
6134,71
6135,201
6136,77
6137,174
6138,59
6139,57
6140,190
6141,53
6142,229
6143,236
6144,76
6145,559525
6146,232
6147,217
6148,92
6149,83
6150,106
6151,151
6152,74
6153,91
6154,71
6155,182
6156,75
6157,79
6158,80
6159,76
6160,159
6161,80
6162,154
6163,150
6164,190
6165,184
6166,86
6167,76
6168,116
6169,153
6170,124
6171,106
6172,61
6173,82
6174,207
6175,114
6176,124
6177,79
6178,78
6179,52
6180,178
6181,76
6182,162
6183,73
6184,143
6185,88
6186,55
6187,85
6188,71
6189,156
6190,214
6191,83
6192,82
6193,71
6194,75
6195,189
6196,79
6197,159
6198,118
6199,55
6200,169
6201,63
6202,56
6203,181
6204,91
6205,78
6206,163
6207,83
6208,131
6209,83
6210,187
6211,192
6212,66
6213,201
6214,81
6215,69
6216,138
6217,232
6218,72
6219,74
6220,60
6221,91
6222,82
6223,85
6224,235
6225,75
6226,100
6227,120
6228,74
6229,78
6230,56
6231,203
6232,200
6233,197
6234,73
6235,171
6236,83
6237,65
6238,162
6239,94
6240,50
6241,110
6242,119
6243,90
6244,163
6245,74
6246,78
6247,170
6248,77
6249,191
6250,54
6251,54
6252,175
6253,69
6254,73
6255,164
6256,59
6257,84
6258,199
6259,207
6260,49
6261,133
6262,70
6263,75
6264,61
6265,59
6266,57
6267,252
6268,65
6269,71
6270,65
6271,76
6272,200
6273,65
6274,73
6275,57
6276,165
6277,67
6278,71
6279,69
6280,54
6281,176
6282,59
6283,48
6284,86
6285,91
6286,64
6287,79
6288,81
6289,57
6290,186
6291,177
6292,63
6293,172
6294,96
6295,188
6296,56
6297,66
6298,71
6299,83
6300,178
6301,64
6302,174
6303,72
6304,67
6305,76
6306,59
6307,55
6308,187
6309,60
6310,73
6311,79
6312,128
6313,50
6314,116
6315,71
6316,68
6317,46
6318,54
6319,50
6320,68
6321,51
6322,160
6323,60
6324,170
6325,172
6326,195
6327,80
6328,57
6329,75
6330,160
6331,47
6332,77
6333,66
6334,189
6335,75
6336,73
6337,156
6338,62
6339,70
6340,53
6341,51
6342,84
6343,71
6344,61
6345,69
6346,48
6347,163
6348,75
6349,174
6350,67
6351,136
6352,222
6353,67
6354,75
6355,59
6356,66
6357,52
6358,70
6359,197
6360,170
6361,198
6362,85
6363,52
6364,64
6365,59
6366,79
6367,70
6368,54
6369,57
6370,145
6371,164
6372,90
6373,71
6374,215
6375,172
6376,180
6377,166
6378,173
6379,62
6380,67
6381,93
6382,170
6383,186
6384,54
6385,63
6386,153
6387,60
6388,63
6389,45
6390,43
6391,71
6392,72
6393,44
6394,63
6395,66
6396,41
6397,54
6398,168
6399,58
6400,70
6401,58
6402,52
6403,54
6404,169
6405,68
6406,82
6407,172
6408,55
6409,185
6410,234
6411,161
6412,48
6413,51
6414,149
6415,73
6416,51
6417,69
6418,137
6419,62
6420,88
6421,56
6422,140
6423,62
6424,205
6425,71
6426,62
6427,176
6428,93
6429,100
6430,174
6431,183
6432,168
6433,70
6434,65
6435,63
6436,96
6437,45
6438,189
6439,93
6440,73
6441,73
6442,53
6443,54
6444,73
6445,162
6446,219
6447,57
6448,63
6449,62
6450,86
6451,72
6452,56
6453,60
6454,55
6455,175
6456,62
6457,54
6458,157
6459,68
6460,229
6461,50
6462,68
6463,63
6464,176
6465,67
6466,63
6467,82
6468,148
6469,177
6470,43
6471,75
6472,80
6473,51
6474,57
6475,60
6476,45
6477,51
6478,67
6479,47
6480,58
6481,54
6482,212
6483,62
6484,65
6485,99
6486,150
6487,105
6488,64
6489,175
6490,53
6491,63
6492,56
6493,91
6494,82
6495,51
6496,59
6497,195
6498,51
6499,54
6500,64
6501,182
6502,53
6503,70
6504,211
6505,63
6506,43
6507,188
6508,142
6509,71
6510,177
6511,59
6512,68
6513,70
6514,66
6515,70
6516,47
6517,168
6518,234
6519,58
6520,172
6521,38
6522,51
6523,48
6524,66
6525,65
6526,114
6527,64
6528,67
6529,155
6530,209
6531,56
6532,165
6533,54
6534,169
6535,185
6536,151
6537,50
6538,50
6539,67
6540,60
6541,162
6542,60
6543,51
6544,60
6545,72
6546,64
6547,42
6548,60
6549,169
6550,149
6551,68
6552,60
6553,50
6554,50
6555,65
6556,63
6557,171
6558,64
6559,68
6560,173
6561,72
6562,59
6563,62
6564,47
6565,168
6566,211
6567,170
6568,182
6569,116
6570,63
6571,171
6572,55
6573,51
6574,157
6575,65
6576,65
6577,122
6578,143
6579,82
6580,110
6581,194
6582,56
6583,78
6584,136
6585,72
6586,151
6587,72
6588,188
6589,61
6590,80
6591,55
6592,178
6593,163
6594,57
6595,111
6596,145
6597,53
6598,69
6599,113
6600,79
6601,63
6602,126
6603,71
6604,46
6605,52
6606,60
6607,82
6608,76
6609,207
6610,57
6611,54
6612,44
6613,52
6614,67
6615,62
6616,47
6617,44
6618,170
6619,48
6620,189
6621,64
6622,66
