1,166
2,68
3,68
4,55
5,77
6,48
7,77
8,57
9,116
10,66
11,78
12,93
13,890
14,65
15,55
16,72
17,63
18,54
19,60
20,56
21,44
22,54
23,52
24,82
25,798
26,74
27,57
28,49
29,61
30,55
31,47
32,61
33,55
34,63
35,61
36,58
37,70
38,59
39,57
40,49
41,93
42,67
43,53
44,53
45,54
46,53
47,75
48,57
49,1435
50,77
51,59
52,53
53,54
54,49
55,49
56,53
57,61
58,49
59,58
60,42
61,56
62,104
63,66
64,82
65,94
66,68
67,62
68,57
69,70
70,53
71,70
72,62
73,57
74,48
75,54
76,51
77,54
78,50
79,68
80,86
81,63
82,83
83,57
84,53
85,57
86,53
87,62
88,53
89,52
90,51
91,76
92,85
93,59
94,61
95,65
96,85
97,2930
98,56
99,58
100,55
101,43
102,70
103,56
104,66
105,68
106,64
107,71
108,53
109,51
110,59
111,57
112,44
113,55
114,51
115,65
116,55
117,65
118,50
119,58
120,51
121,61
122,56
123,52
124,66
125,54
126,53
127,66
128,48
129,57
130,68
131,52
132,50
133,52
134,92
135,49
136,45
137,78
138,55
139,67
140,74
141,55
142,48
143,47
144,43
145,41
146,94
147,52
148,51
149,56
150,82
151,60
152,67
153,62
154,65
155,54
156,79
157,68
158,53
159,62
160,1276
161,59
162,67
163,70
164,60
165,51
166,52
167,57
168,75
169,50
170,55
171,58
172,90
173,60
174,47
175,53
176,59
177,58
178,57
179,55
180,47
181,63
182,63
183,55
184,63
185,95
186,58
187,61
188,73
189,50
190,73
191,57
192,52
193,5354
194,57
195,76
196,57
197,58
198,73
199,62
200,59
201,54
202,63
203,51
204,71
205,50
206,44
207,93
208,56
209,60
210,54
211,46
212,64
213,56
214,69
215,61
216,82
217,68
218,58
219,91
220,91
221,60
222,47
223,54
224,54
225,59
226,52
227,48
228,76
229,73
230,54
231,61
232,73
233,59
234,54
235,51
236,62
237,55
238,57
239,51
240,60
241,71
242,53
243,52
244,63
245,55
246,61
247,53
248,61
249,54
250,56
251,54
252,79
253,50
254,84
255,74
256,53
257,86
258,62
259,66
260,54
261,64
262,52
263,87
264,150
265,56
266,82
267,73
268,51
269,60
270,50
271,45
272,53
273,65
274,56
275,99
276,74
277,85
278,68
279,57
280,69
281,61
282,56
283,68
284,61
285,50
286,65
287,60
288,55
289,83
290,59
291,47
292,63
293,54
294,56
295,90
296,53
297,60
298,74
299,65
300,46
301,56
302,68
303,62
304,67
305,56
306,81
307,52
308,57
309,114
310,68
311,54
312,77
313,81
314,57
315,115
316,53
317,69
318,70
319,57
320,55
321,68
322,65
323,60
324,81
325,62
326,66
327,60
328,64
329,54
330,54
331,62
332,53
333,90
334,65
335,56
336,57
337,46
338,48
339,52
340,67
341,72
342,59
343,58
344,97
345,54
346,50
347,55
348,64
349,65
350,60
351,65
352,53
353,82
354,58
355,61
356,54
357,70
358,52
359,54
360,67
361,54
362,53
363,61
364,57
365,55
366,56
367,52
368,103
369,71
370,62
371,53
372,73
373,53
374,52
375,53
376,53
377,53
378,87
379,55
380,57
381,52
382,63
383,65
384,66
385,11252
386,72
387,87
388,65
389,55
390,52
391,62
392,58
393,59
394,89
395,59
396,58
397,64
398,52
399,48
400,78
401,69
402,75
403,54
404,68
405,55
406,54
407,56
408,57
409,89
410,69
411,59
412,56
413,54
414,67
415,52
416,59
417,53
418,86
419,72
420,60
421,55
422,74
423,76
424,60
425,96
426,53
427,72
428,57
429,59
430,54
431,69
432,56
433,71
434,54
435,92
436,70
437,60
438,60
439,68
440,69
441,85
442,68
443,58
444,138
445,63
446,53
447,58
448,100
449,73
450,53
451,71
452,65
453,71
454,90
455,62
456,43
457,53
458,58
459,57
460,54
461,62
462,51
463,48
464,43
465,52
466,74
467,52
468,82
469,60
470,74
471,84
472,70
473,68
474,53
475,55
476,57
477,55
478,69
479,121
480,63
481,68
482,62
483,55
484,53
485,71
486,62
487,52
488,54
489,77
490,59
491,53
492,55
493,88
494,92
495,60
496,97
497,65
498,60
499,64
500,57
501,63
502,58
503,61
504,66
505,56
506,89
507,50
508,57
509,59
510,58
511,59
512,56
513,105
514,94
515,56
516,59
517,54
518,67
519,67
520,90
521,55
522,103
523,63
524,69
525,60
526,95
527,80
528,78
529,71
530,77
531,63
532,57
533,60
534,53
535,54
536,59
537,57
538,69
539,50
540,128
541,58
542,62
543,61
544,96
545,57
546,50
547,93
548,94
549,49
550,63
551,119
552,92
553,57
554,53
555,64
556,82
557,74
558,86
559,51
560,126
561,60
562,57
563,74
564,73
565,51
566,99
567,58
568,58
569,63
570,92
571,51
572,111
573,54
574,49
575,62
576,65
577,108
578,61
579,77
580,79
581,93
582,53
583,142
584,60
585,72
586,71
587,103
588,106
589,102
590,55
591,62
592,108
593,58
594,88
595,81
596,60
597,58
598,99
599,69
600,89
601,53
602,91
603,63
604,67
605,61
606,73
607,63
608,60
609,53
610,94
611,61
612,72
613,60
614,56
615,64
616,57
617,54
618,46
619,70
620,61
621,60
622,47
623,60
624,86
625,55
626,62
627,53
628,80
629,55
630,56
631,80
632,89
633,55
634,174
635,55
636,94
637,54
638,55
639,67
640,60
641,52
642,97
643,58
644,77
645,55
646,68
647,65
648,118
649,56
650,72
651,74
652,52
653,83
654,58
655,53
656,101
657,86
658,80
659,59
660,53
661,49
662,56
663,66
664,61
665,88
666,65
667,63
668,55
669,79
670,58
671,104
672,69
673,54
674,76
675,54
676,64
677,52
678,57
679,74
680,73
681,56
682,96
683,52
684,53
685,60
686,52
687,57
688,58
689,138
690,87
691,52
692,58
693,77
694,138
695,58
696,87
697,55
698,54
699,53
700,47
701,52
702,78
703,84
704,57
705,72
706,89
707,57
708,85
709,97
710,117
711,53
712,119
713,64
714,68
715,94
716,95
717,51
718,63
719,53
720,95
721,66
722,72
723,112
724,72
725,67
726,115
727,101
728,69
729,78
730,54
731,110
732,66
733,61
734,93
735,50
736,112
737,90
738,57
739,91
740,112
741,59
742,58
743,74
744,95
745,69
746,77
747,72
748,56
749,59
750,68
751,61
752,97
753,52
754,77
755,55
756,58
757,66
758,59
759,62
760,83
761,66
762,125
763,80
764,64
765,80
766,56
767,58
768,71
769,26590
770,59
771,96
772,63
773,74
774,57
775,74
776,62
777,62
778,64
779,102
780,57
781,62
782,63
783,61
784,56
785,81
786,76
787,55
788,51
789,78
790,60
791,60
792,73
793,51
794,52
795,82
796,72
797,56
798,53
799,55
800,80
801,66
802,71
803,83
804,59
805,55
806,115
807,56
808,88
809,55
810,60
811,52
812,61
813,60
814,52
815,56
816,60
817,77
818,74
819,63
820,99
821,72
822,61
823,63
824,80
825,65
826,104
827,76
828,64
829,75
830,85
831,54
832,57
833,56
834,93
835,57
836,64
837,60
838,63
839,115
840,89
841,76
842,89
843,74
844,76
845,60
846,101
847,58
848,59
849,57
850,61
851,64
852,57
853,54
854,70
855,70
856,55
857,71
858,97
859,77
860,99
861,892
862,130
863,63
864,100
865,55
866,62
867,58
868,58
869,66
870,66
871,67
872,53
873,106
874,109
875,61
876,97
877,89
878,98
879,78
880,76
881,111
882,55
883,70
884,72
885,59
886,71
887,83
888,57
889,77
890,108
891,56
892,81
893,63
894,89
895,67
896,94
897,63
898,89
899,97
900,62
901,82
902,60
903,64
904,62
905,59
906,95
907,61
908,56
909,152
910,93
911,61
912,74
913,83
914,69
915,82
916,89
917,80
918,65
919,68
920,77
921,60
922,120
923,90
924,52
925,67
926,68
927,59
928,60
929,58
930,77
931,64
932,72
933,60
934,109
935,66
936,60
937,77
938,54
939,54
940,80
941,46
942,124
943,62
944,79
945,87
946,113
947,100
948,59
949,55
950,72
951,54
952,68
953,58
954,54
955,59
956,57
957,53
958,132
959,62
960,53
961,107
962,63
963,55
964,70
965,58
966,64
967,52
968,65
969,54
970,65
971,68
972,58
973,67
974,75
975,59
976,73
977,64
978,58
979,87
980,127
981,88
982,56
983,82
984,55
985,71
986,99
987,73
988,57
989,59
990,59
991,96
992,87
993,61
994,55
995,86
996,59
997,46
998,58
999,57
1000,100
1001,114
1002,124
1003,55
1004,57
1005,59
1006,46
1007,68
1008,103
1009,80
1010,62
1011,53
1012,63
1013,71
1014,69
1015,92
1016,84
1017,95
1018,68
1019,67
1020,61
1021,99
1022,108
1023,112
1024,60
1025,57
1026,63
1027,61
1028,61
1029,56
1030,134
1031,65
1032,100
1033,73
1034,105
1035,93
1036,90
1037,61
1038,65
1039,68
1040,57
1041,52
1042,62
1043,93
1044,56
1045,101
1046,63
1047,64
1048,61
1049,116
1050,86
1051,59
1052,62
1053,62
1054,57
1055,64
1056,57
1057,85
1058,102
1059,84
1060,91
1061,62
1062,107
1063,77
1064,57
1065,104
1066,102
1067,64
1068,72
1069,52
1070,60
1071,85
1072,104
1073,60
1074,81
1075,62
1076,55
1077,58
1078,116
1079,55
1080,55
1081,60
1082,101
1083,73
1084,108
1085,80
1086,66
1087,59
1088,61
1089,111
1090,57
1091,117
1092,52
1093,90
1094,62
1095,53
1096,132
1097,46
1098,61
1099,88
1100,56
1101,52
1102,65
1103,91
1104,63
1105,49
1106,75
1107,72
1108,80
1109,42
1110,71
1111,76
1112,87
1113,57
1114,83
1115,70
1116,61
1117,82
1118,59
1119,90
1120,124
1121,59
1122,57
1123,74
1124,95
1125,80
1126,66
1127,62
1128,72
1129,71
1130,59
1131,64
1132,73
1133,60
1134,44
1135,53
1136,188
1137,58
1138,83
1139,63
1140,56
1141,90
1142,75
1143,61
1144,60
1145,53
1146,57
1147,90
1148,86
1149,51
1150,94
1151,67
1152,75
1153,108
1154,69
1155,68
1156,52
1157,58
1158,105
1159,136
1160,76
1161,93
1162,107
1163,58
1164,87
1165,129
1166,68
1167,92
1168,72
1169,60
1170,81
1171,64
1172,107
1173,108
1174,64
1175,63
1176,55
1177,130
1178,90
1179,70
1180,57
1181,125
1182,93
1183,175
1184,58
1185,59
1186,60
1187,60
1188,64
1189,132
1190,100
1191,103
1192,57
1193,101
1194,173
1195,67
1196,79
1197,64
1198,56
1199,118
1200,55
1201,68
1202,56
1203,54
1204,108
1205,67
1206,107
1207,82
1208,93
1209,61
1210,52
1211,66
1212,70
1213,58
1214,54
1215,74
1216,64
1217,115
1218,56
1219,59
1220,111
1221,127
1222,90
1223,55
1224,67
1225,145
1226,96
1227,70
1228,63
1229,117
1230,56
1231,63
1232,62
1233,128
1234,68
1235,50
1236,103
1237,125
1238,58
1239,117
1240,64
1241,66
1242,113
1243,60
1244,145
1245,112
1246,105
1247,61
1248,81
1249,82
1250,53
1251,69
1252,54
1253,64
1254,107
1255,56
1256,99
1257,98
1258,98
1259,55
1260,99
1261,138
1262,71
1263,56
1264,68
1265,55
1266,92
1267,56
1268,57
1269,60
1270,97
1271,116
1272,56
1273,59
1274,133
1275,124
1276,58
1277,58
1278,102
1279,93
1280,64
1281,60
1282,53
1283,78
1284,87
1285,67
1286,120
1287,105
1288,130
1289,80
1290,65
1291,54
1292,66
1293,65
1294,84
1295,153
1296,58
1297,58
1298,60
1299,56
1300,243
1301,102
1302,66
1303,93
1304,66
1305,192
1306,119
1307,87
1308,111
1309,61
1310,100
1311,63
1312,75
1313,103
1314,107
1315,56
1316,57
1317,73
1318,65
1319,97
1320,67
1321,63
1322,84
1323,55
1324,116
1325,63
1326,63
1327,58
1328,189
1329,72
1330,62
1331,55
1332,63
1333,55
1334,73
1335,140
1336,117
1337,99
1338,106
1339,61
1340,54
1341,96
1342,166
1343,99
1344,140
1345,109
1346,65
1347,83
1348,57
1349,55
1350,93
1351,60
1352,56
1353,62
1354,114
1355,57
1356,96
1357,78
1358,61
1359,63
1360,142
1361,73
1362,63
1363,63
1364,100
1365,61
1366,98
1367,54
1368,132
1369,61
1370,78
1371,88
1372,176
1373,56
1374,56
1375,109
1376,57
1377,60
1378,62
1379,88
1380,54
1381,66
1382,92
1383,95
1384,61
1385,59
1386,61
1387,108
1388,122
1389,61
1390,68
1391,79
1392,113
1393,68
1394,62
1395,95
1396,66
1397,51
1398,88
1399,58
1400,114
1401,57
1402,65
1403,70
1404,161
1405,67
1406,137
1407,60
1408,93
1409,950
1410,61
1411,114
1412,59
1413,63
1414,59
1415,127
1416,63
1417,139
1418,83
1419,59
1420,62
1421,62
1422,144
1423,64
1424,109
1425,58
1426,174
1427,59
1428,68
1429,56
1430,60
1431,55
1432,131
1433,55
1434,108
1435,217
1436,63
1437,64
1438,56
1439,108
1440,148
1441,60
1442,60
1443,57
1444,55
1445,100
1446,57
1447,60
1448,87
1449,80
1450,59
1451,98
1452,61
1453,64
1454,130
1455,55
1456,59
1457,91
1458,82
1459,62
1460,56
1461,59
1462,118
1463,96
1464,63
1465,79
1466,58
1467,113
1468,66
1469,51
1470,73
1471,89
1472,67
1473,87
1474,59
1475,87
1476,90
1477,69
1478,71
1479,58
1480,64
1481,63
1482,59
1483,65
1484,63
1485,63
1486,62
1487,117
1488,85
1489,89
1490,58
1491,61
1492,84
1493,113
1494,65
1495,79
1496,67
1497,64
1498,119
1499,57
1500,119
1501,124
1502,107
1503,142
1504,58
1505,77
1506,95
1507,50
1508,144
1509,142
1510,56
1511,66
1512,64
1513,144
1514,66
1515,62
1516,81
1517,112
1518,165
1519,61
1520,92
1521,58
1522,60
1523,151
1524,127
1525,76
1526,82
1527,76
1528,94
1529,66
1530,66
1531,69
1532,158
1533,117
1534,88
1535,64
1536,74
1537,63121
1538,86
1539,72
1540,74
1541,66
1542,73
1543,64
1544,59
1545,65
1546,63
1547,103
1548,58
1549,60
1550,99
1551,82
1552,100
1553,71
1554,66
1555,68
1556,79
1557,59
1558,62
1559,56
1560,67
1561,76
1562,63
1563,64
1564,99
1565,66
1566,64
1567,59
1568,184
1569,84
1570,91
1571,59
1572,59
1573,94
1574,104
1575,55
1576,100
1577,54
1578,80
1579,91
1580,76
1581,59
1582,59
1583,92
1584,56
1585,59
1586,75
1587,83
1588,84
1589,57
1590,86
1591,115
1592,63
1593,54
1594,53
1595,129
1596,87
1597,64
1598,87
1599,65
1600,60
1601,56
1602,78
1603,86
1604,98
1605,57
1606,65
1607,57
1608,99
1609,58
1610,58
1611,62
1612,58
1613,64
1614,70
1615,49
1616,83
1617,92
1618,88
1619,72
1620,65
1621,59
1622,97
1623,63
1624,91
1625,57
1626,52
1627,105
1628,63
1629,55
1630,66
1631,79
1632,65
1633,58
1634,58
1635,86
1636,61
1637,61
1638,87
1639,66
1640,71
1641,95
1642,87
1643,55
1644,63
1645,102
1646,97
1647,83
1648,56
1649,97
1650,56
1651,58
1652,61
1653,61
1654,57
1655,145
1656,63
1657,58
1658,56
1659,51
1660,69
1661,59
1662,126
1663,57
1664,59
1665,56
1666,114
1667,75
1668,54
1669,66
1670,99
1671,103
1672,61
1673,101
1674,59
1675,104
1676,77
1677,60
1678,60
1679,102
1680,53
1681,66
1682,105
1683,100
1684,57
1685,59
1686,59
1687,159
1688,67
1689,55
1690,62
1691,105
1692,59
1693,60
1694,63
1695,99
1696,81
1697,66
1698,66
1699,58
1700,59
1701,124
1702,77
1703,95
1704,63
1705,78
1706,109
1707,105
1708,88
1709,96
1710,115
1711,65
1712,59
1713,65
1714,67
1715,59
1716,104
1717,59
1718,62
1719,102
1720,131
1721,125
1722,65
1723,60
1724,59
1725,59
1726,55
1727,60
1728,55
1729,60
1730,68
1731,64
1732,63
1733,106
1734,104
1735,95
1736,74
1737,55
1738,54
1739,67
1740,60
1741,101
1742,67
1743,62
1744,57
1745,51
1746,99
1747,87
1748,66
1749,64
1750,149
1751,57
1752,100
1753,100
1754,59
1755,64
1756,60
1757,56
1758,53
1759,53
1760,105
1761,78
1762,57
1763,61
1764,58
1765,57
1766,64
1767,63
1768,105
1769,60
1770,63
1771,105
1772,125
1773,58
1774,61
1775,52
1776,76
1777,70
1778,54
1779,59
1780,63
1781,60
1782,88
1783,85
1784,69
1785,58
1786,61
1787,64
1788,68
1789,93
1790,66
1791,63
1792,131
1793,76
1794,68
1795,62
1796,92
1797,79
1798,63
1799,58
1800,133
1801,59
1802,60
1803,129
1804,59
1805,57
1806,127
1807,78
1808,52
1809,66
1810,57
1811,80
1812,59
1813,99
1814,83
1815,94
1816,96
1817,68
1818,63
1819,112
1820,68
1821,107
1822,84
1823,53
1824,50
1825,68
1826,81
1827,56
1828,51
1829,99
1830,85
1831,108
1832,57
1833,134
1834,47
1835,83
1836,83
1837,108
1838,91
1839,65
1840,118
1841,136
1842,67
1843,100
1844,93
1845,91
1846,65
1847,165
1848,59
1849,75
1850,57
1851,141
1852,99
1853,102
1854,116
1855,58
1856,70
1857,55
1858,65
1859,68
1860,60
1861,59
1862,79
1863,66
1864,97
1865,155
1866,71
1867,75
1868,68
1869,64
1870,63
1871,80
1872,100
1873,113
1874,154
1875,93
1876,104
1877,75
1878,64
1879,109
1880,59
1881,92
1882,86
1883,64
1884,93
1885,106
1886,53
1887,116
1888,116
1889,76
1890,66
1891,63
1892,62
1893,63
1894,68
1895,62
1896,64
1897,102
1898,62
1899,107
1900,58
1901,54
1902,62
1903,59
1904,85
1905,67
1906,62
1907,57
1908,56
1909,57
1910,65
1911,103
1912,70
1913,63
1914,94
1915,88
1916,64
1917,64
1918,54
1919,57
1920,66
1921,104
1922,59
1923,60
1924,75
1925,140
1926,60
1927,101
1928,71
1929,94
1930,74
1931,58
1932,57
1933,116
1934,146
1935,61
1936,105
1937,147
1938,132
1939,58
1940,61
1941,119
1942,93
1943,113
1944,59
1945,80
1946,56
1947,53
1948,64
1949,52
1950,48
1951,63
1952,118
1953,121
1954,68
1955,120
1956,66
1957,59
1958,67
1959,60
1960,56
1961,93
1962,97
1963,110
1964,60
1965,76
1966,104
1967,90
1968,109
1969,69
1970,66
1971,58
1972,57
1973,63
1974,58
1975,57
1976,70
1977,62
1978,56
1979,52
1980,98
1981,93
1982,109
1983,92
1984,67
1985,102
1986,93
1987,91
1988,87
1989,60
1990,61
1991,58
1992,51
1993,77
1994,109
1995,74
1996,64
1997,76
1998,132
1999,58
2000,82
2001,60
2002,140
2003,112
2004,70
2005,98
2006,107
2007,69
2008,71
2009,66
2010,128
2011,71
2012,67
2013,62
2014,60
2015,58
2016,68
2017,61
2018,63
2019,122
2020,91
2021,100
2022,109
2023,95
2024,58
2025,99
2026,76
2027,94
2028,69
2029,80
2030,60
2031,60
2032,71
2033,120
2034,90
2035,66
2036,60
2037,62
2038,72
2039,80
2040,66
2041,57
2042,130
2043,125
2044,54
2045,53
2046,63
2047,68
2048,90
2049,57
2050,77
2051,145
2052,70
2053,66
2054,109
2055,121
2056,72
2057,71
2058,54
2059,116
2060,146
2061,106
2062,57
2063,66
2064,56
2065,61
2066,73
2067,73
2068,128
2069,66
2070,103
2071,60
2072,102
2073,94
2074,88
2075,130
2076,55
2077,60
2078,64
2079,106
2080,67
2081,56
2082,62
2083,97
2084,117
2085,65
2086,104
2087,52
2088,58
2089,174
2090,116
2091,100
2092,78
2093,53
2094,60
2095,80
2096,70
2097,58
2098,59
2099,138
2100,64
2101,134
2102,103
2103,69
2104,60
2105,115
2106,58
2107,104
2108,101
2109,76
2110,68
2111,64
2112,103
2113,88
2114,60
2115,52
2116,79
2117,158
2118,65
2119,86
2120,74
2121,59
2122,93
2123,90
2124,145
2125,58
2126,57
2127,55
2128,66
2129,62
2130,62
2131,84
2132,59
2133,58
2134,86
2135,106
2136,65
2137,138
2138,114
2139,108
2140,63
2141,65
2142,94
2143,56
2144,61
2145,181
2146,118
2147,59
2148,63
2149,87
2150,73
2151,58
2152,57
2153,55
2154,63
2155,54
2156,96
2157,81
2158,91
2159,152
2160,80
2161,79
2162,75
2163,65
2164,56
2165,67
2166,61
2167,97
2168,76
2169,66
2170,74
2171,191
2172,61
2173,74
2174,62
2175,64
2176,94
2177,62
2178,74
2179,66
2180,62
2181,53
2182,64
2183,59
2184,61
2185,97
2186,59
2187,58
2188,172
2189,114
2190,61
2191,113
2192,59
2193,60
2194,62
2195,53
2196,94
2197,54
2198,115
2199,69
2200,62
2201,63
2202,140
2203,180
2204,69
2205,97
2206,58
2207,53
2208,62
2209,94
2210,58
2211,148
2212,197
2213,116
2214,57
2215,116
2216,131
2217,56
2218,130
2219,55
2220,59
2221,54
2222,60
2223,60
2224,122
2225,105
2226,71
2227,149
2228,62
2229,53
2230,49
2231,58
2232,74
2233,59
2234,60
2235,65
2236,110
2237,59
2238,64
2239,68
2240,102
2241,171
2242,140
2243,199
2244,143
2245,131
2246,58
2247,63
2248,62
2249,118
2250,63
2251,160
2252,87
2253,59
2254,109
2255,73
2256,62
2257,122
2258,82
2259,111
2260,63
2261,118
2262,60
2263,73
2264,70
2265,60
2266,58
2267,172
2268,88
2269,168
2270,53
2271,55
2272,60
2273,69
2274,74
2275,66
2276,81
2277,174
2278,63
2279,59
2280,134
2281,59
2282,62
2283,95
2284,99
2285,69
2286,57
2287,63
2288,96
2289,83
2290,85
2291,65
2292,65
2293,135
2294,62
2295,160
2296,135
2297,108
2298,64
2299,58
2300,53
2301,87
2302,147
2303,62
2304,64
2305,98
2306,56
2307,53
2308,58
2309,64
2310,62
2311,161
2312,103
2313,101
2314,114
2315,54
2316,64
2317,63
2318,59
2319,199
2320,104
2321,68
2322,83
2323,178
2324,56
2325,57
2326,60
2327,102
2328,71
2329,119
2330,114
2331,111
2332,63
2333,59
2334,92
2335,66
2336,150
2337,51
2338,196
2339,87
2340,51
2341,59
2342,74
2343,166
2344,154
2345,101
2346,65
2347,108
2348,66
2349,56
2350,119
2351,59
2352,195
2353,64
2354,77
2355,61
2356,113
2357,73
2358,87
2359,55
2360,61
2361,88
2362,137
2363,63
2364,66
2365,57
2366,60
2367,59
2368,62
2369,201
2370,54
2371,160
2372,62
2373,66
2374,93
2375,56
2376,53
2377,68
2378,64
2379,98
2380,52
2381,91
2382,61
2383,93
2384,244
2385,51
2386,114
2387,67
2388,128
2389,54
2390,92
2391,132
2392,57
2393,62
2394,118
2395,119
2396,83
2397,99
2398,64
2399,140
2400,59
2401,67
2402,91
2403,77
2404,54
2405,58
2406,70
2407,66
2408,62
2409,215
2410,122
2411,61
2412,69
2413,68
2414,170
2415,62
2416,63
2417,131
2418,202
2419,66
2420,61
2421,160
2422,64
2423,74
2424,106
2425,94
2426,61
2427,92
2428,206
2429,76
2430,140
2431,58
2432,72
2433,89
2434,120
2435,64
2436,59
2437,62
2438,63
2439,97
2440,61
2441,95
2442,62
2443,135
2444,129
2445,119
2446,164
2447,66
2448,168
2449,64
2450,165
2451,75
2452,68
2453,55
2454,130
2455,55
2456,110
2457,109
2458,129
2459,83
2460,75
2461,103
2462,139
2463,59
2464,163
2465,100
2466,106
2467,57
2468,246
2469,57
2470,114
2471,135
2472,72
2473,62
2474,58
2475,57
2476,121
2477,85
2478,59
2479,73
2480,57
2481,116
2482,88
2483,57
2484,117
2485,65
2486,124
2487,122
2488,138
2489,75
2490,98
2491,63
2492,95
2493,65
2494,129
2495,76
2496,197
2497,67
2498,116
2499,70
2500,136
2501,121
2502,64
2503,122
2504,66
2505,114
2506,68
2507,57
2508,56
2509,62
2510,95
2511,55
2512,89
2513,186
2514,50
2515,61
2516,56
2517,68
2518,58
2519,59
2520,58
2521,57
2522,64
2523,224
2524,117
2525,86
2526,63
2527,85
2528,62
2529,101
2530,224
2531,137
2532,81
2533,68
2534,131
2535,98
2536,166
2537,59
2538,184
2539,62
2540,141
2541,62
2542,108
2543,55
2544,58
2545,54
2546,87
2547,54
2548,72
2549,92
2550,63
2551,68
2552,63
2553,94
2554,109
2555,189
2556,109
2557,68
2558,76
2559,59
2560,60
2561,128
2562,77
2563,107
2564,128
2565,68
2566,53
2567,61
2568,106
2569,120
2570,167
2571,63
2572,122
2573,61
2574,112
2575,63
2576,117
2577,89
2578,65
2579,108
2580,150
2581,58
2582,229
2583,80
2584,67
2585,60
2586,147
2587,54
2588,60
2589,247
2590,71
2591,67
2592,69
2593,155
2594,89
2595,65
2596,88
2597,191
2598,78
2599,156
2600,86
2601,65
2602,57
2603,108
2604,67
2605,108
2606,62
2607,136
2608,105
2609,98
2610,59
2611,171
2612,82
2613,185
2614,69
2615,70
2616,111
2617,140
2618,122
2619,93
2620,59
2621,75
2622,118
2623,61
2624,50
2625,54
2626,89
2627,97
2628,100
2629,209
2630,142
2631,60
2632,59
2633,109
2634,67
2635,92
2636,61
2637,60
2638,100
2639,67
2640,117
2641,60
2642,75
2643,118
2644,54
2645,245
2646,119
2647,168
2648,59
2649,102
2650,67
2651,115
2652,70
2653,54
2654,203
2655,76
2656,193
2657,55
2658,97
2659,63
2660,100
2661,63
2662,196
2663,47
2664,57
2665,96
2666,62
2667,57
2668,79
2669,47
2670,182
2671,75
2672,108
2673,110
2674,97
2675,62
2676,101
2677,60
2678,58
2679,62
2680,129
2681,72
2682,92
2683,92
2684,165
2685,88
2686,82
2687,70
2688,117
2689,62
2690,181
2691,101
2692,98
2693,55
2694,68
2695,79
2696,174
2697,134
2698,98
2699,110
2700,56
2701,67
2702,163
2703,57
2704,102
2705,54
2706,116
2707,173
2708,64
2709,67
2710,65
2711,168
2712,101
2713,96
2714,65
2715,74
2716,57
2717,95
2718,63
2719,131
2720,152
2721,140
2722,58
2723,94
2724,59
2725,57
2726,161
2727,56
2728,149
2729,81
2730,119
2731,109
2732,71
2733,119
2734,68
2735,105
2736,61
2737,68
2738,61
2739,76
2740,188
2741,71
2742,67
2743,141
2744,55
2745,56
2746,115
2747,110
2748,65
2749,158
2750,172
2751,60
2752,62
2753,81
2754,110
2755,170
2756,95
2757,66
2758,79
2759,64
2760,83
2761,114
2762,56
2763,235
2764,78
2765,61
2766,96
2767,74
2768,132
2769,277
2770,68
2771,93
2772,199
2773,101
2774,60
2775,184
2776,64
2777,63
2778,53
2779,57
2780,56
2781,60
2782,189
2783,55
2784,163
2785,103
2786,55
2787,63
2788,180
2789,191
2790,138
2791,147
2792,173
2793,90
2794,66
2795,131
2796,68
2797,130
2798,86
2799,111
2800,61
2801,66
2802,63
2803,102
2804,74
2805,60
2806,64
2807,100
2808,191
2809,56
2810,63
2811,61
2812,78
2813,155
2814,58
2815,162
2816,63
2817,293
2818,65
2819,57
2820,56
2821,58
2822,103
2823,58
2824,67
2825,242
2826,56
2827,167
2828,190
2829,57
2830,57
2831,56
2832,71
2833,142
2834,193
2835,144
2836,180
2837,151
2838,103
2839,90
2840,106
2841,62
2842,147
2843,87
2844,99
2845,91
2846,70
2847,179
2848,230
2849,116
2850,105
2851,124
2852,65
2853,65
2854,64
2855,104
2856,107
2857,177
2858,54
2859,56
2860,61
2861,71
2862,179
2863,111
2864,60
2865,66
2866,135
2867,62
2868,64
2869,58
2870,62
2871,155
2872,59
2873,141
2874,156
2875,59
2876,131
2877,97
2878,63
2879,62
2880,92
2881,160
2882,95
2883,113
2884,91
2885,236
2886,171
2887,129
2888,90
2889,147
2890,62
2891,66
2892,139
2893,56
2894,130
2895,58
2896,56
2897,199
2898,69
2899,140
2900,67
2901,139
2902,149
2903,55
2904,102
2905,100
2906,177
2907,72
2908,69
2909,65
2910,58
2911,98
2912,61
2913,151
2914,101
2915,67
2916,64
2917,58
2918,118
2919,59
2920,59
2921,55
2922,87
2923,59
2924,63
2925,93
2926,53
2927,57
2928,63
2929,53
2930,120
2931,103
2932,56
2933,95
2934,112
2935,57
2936,67
2937,48
2938,65
2939,107
2940,66
2941,225
2942,57
2943,58
2944,53
2945,110
2946,188
2947,137
2948,165
2949,140
2950,70
2951,63
2952,63
2953,124
2954,100
2955,65
2956,64
2957,192
2958,131
2959,133
2960,129
2961,66
2962,60
2963,75
2964,130
2965,67
2966,65
2967,64
2968,65
2969,154
2970,104
2971,66
2972,116
2973,64
2974,111
2975,146
2976,99
2977,100
2978,75
2979,71
2980,110
2981,139
2982,58
2983,59
2984,66
2985,168
2986,65
2987,65
2988,250
2989,66
2990,58
2991,133
2992,227
2993,71
2994,67
2995,59
2996,56
2997,117
2998,73
2999,171
3000,67
3001,61
3002,199
3003,96
3004,64
3005,168
3006,60
3007,65
3008,133
3009,79
3010,121
3011,167
3012,86
3013,67
3014,62
3015,64
3016,220
3017,63
3018,56
3019,58
3020,82
3021,105
3022,176
3023,62
3024,140
3025,54
3026,128
3027,66
3028,64
3029,63
3030,112
3031,69
3032,61
3033,73
3034,68
3035,71
3036,174
3037,99
3038,66
3039,56
3040,133
3041,161
3042,69
3043,207
3044,78
3045,69
3046,98
3047,113
3048,105
3049,58
3050,63
3051,62
3052,121
3053,169
3054,59
3055,88
3056,69
3057,99
3058,57
3059,78
3060,65
3061,110
3062,151
3063,187
3064,199
3065,154
3066,58
3067,109
3068,186
3069,73
3070,128
3071,99
3072,78
3073,160828
3074,111
3075,71
3076,123
3077,63
3078,169
3079,130
3080,108
3081,77
3082,98
3083,73
3084,86
3085,55
3086,124
3087,144
3088,71
3089,65
3090,198
3091,99
3092,64
3093,66
3094,57
3095,72
3096,75
3097,82
3098,64
3099,65
3100,78
3101,71
3102,107
3103,55
3104,94
3105,69
3106,63
3107,86
3108,76
3109,112
3110,101
3111,85
3112,72
3113,113
3114,71
3115,124
3116,61
3117,57
3118,68
3119,89
3120,111
3121,132
3122,106
3123,60
3124,61
3125,99
3126,92
3127,89
3128,98
3129,72
3130,68
3131,62
3132,63
3133,94
3134,109
3135,64
3136,68
3137,61
3138,70
3139,78
3140,69
3141,65
3142,59
3143,52
3144,75
3145,61
3146,109
3147,125
3148,61
3149,58
3150,79
3151,118
3152,113
3153,93
3154,88
3155,98
3156,68
3157,85
3158,66
3159,62
3160,56
3161,71
3162,85
3163,93
3164,100
3165,76
3166,60
3167,58
3168,72
3169,151
3170,61
3171,71
3172,59
3173,112
3174,70
3175,70
3176,62
3177,70
3178,76
3179,58
3180,69
3181,58
3182,71
3183,70
3184,92
3185,121
3186,110
3187,131
3188,80
3189,61
3190,76
3191,53
3192,147
3193,115
3194,118
3195,114
3196,126
3197,111
3198,73
3199,64
3200,57
3201,92
3202,71
3203,57
3204,72
3205,61
3206,104
3207,68
3208,52
3209,93
3210,87
3211,105
3212,54
3213,64
3214,87
3215,71
3216,79
3217,68
3218,165
3219,68
3220,66
3221,114
3222,63
3223,103
3224,123
3225,68
3226,109
3227,83
3228,56
3229,99
3230,119
3231,61
3232,65
3233,64
3234,68
3235,61
3236,100
3237,59
3238,114
3239,75
3240,119
3241,54
3242,92
3243,97
3244,66
3245,99
3246,64
3247,72
3248,154
3249,67
3250,56
3251,59
3252,61
3253,175
3254,69
3255,75
3256,102
3257,92
3258,74
3259,89
3260,63
3261,112
3262,90
3263,81
3264,91
3265,104
3266,72
3267,108
3268,110
3269,82
3270,155
3271,62
3272,68
3273,113
3274,55
3275,68
3276,113
3277,67
3278,71
3279,108
3280,65
3281,65
3282,72
3283,70
3284,72
3285,66
3286,109
3287,64
3288,55
3289,71
3290,55
3291,67
3292,61
3293,62
3294,140
3295,69
3296,64
3297,58
3298,59
3299,73
3300,135
3301,63
3302,117
3303,72
3304,57
3305,71
3306,69
3307,64
3308,74
3309,65
3310,123
3311,55
3312,77
3313,64
3314,59
3315,57
3316,69
3317,72
3318,73
3319,65
3320,110
3321,70
3322,64
3323,57
3324,67
3325,66
3326,124
3327,66
3328,62
3329,69
3330,105
3331,147
3332,73
3333,67
3334,88
3335,62
3336,72
3337,62
3338,64
3339,60
3340,60
3341,101
3342,136
3343,60
3344,66
3345,72
3346,104
3347,115
3348,65
3349,61
3350,62
3351,108
3352,69
3353,98
3354,68
3355,148
3356,77
3357,67
3358,73
3359,67
3360,76
3361,72
3362,135
3363,58
3364,62
3365,131
3366,69
3367,129
3368,104
3369,106
3370,114
3371,85
3372,74
3373,60
3374,55
3375,109
3376,96
3377,78
3378,62
3379,66
3380,66
3381,58
3382,114
3383,97
3384,95
3385,103
3386,59
3387,91
3388,70
3389,63
3390,63
3391,71
3392,63
3393,59
3394,88
3395,62
3396,66
3397,105
3398,62
3399,62
3400,127
3401,145
3402,71
3403,64
3404,64
3405,68
3406,103
3407,58
3408,63
3409,69
3410,72
3411,123
3412,70
3413,201
3414,63
3415,140
3416,67
3417,102
3418,62
3419,88
3420,67
3421,126
3422,169
3423,123
3424,55
3425,66
3426,95
3427,90
3428,71
3429,70
3430,105
3431,120
3432,72
3433,194
3434,68
3435,64
3436,58
3437,106
3438,92
3439,66
3440,136
3441,60
3442,65
3443,51
3444,67
3445,61
3446,180
3447,96
3448,58
3449,153
3450,101
3451,149
3452,74
3453,61
3454,69
3455,100
3456,60
3457,68
3458,176
3459,67
3460,60
3461,72
3462,66
3463,65
3464,57
3465,61
3466,75
3467,64
3468,135
3469,139
3470,70
3471,64
3472,60
3473,100
3474,113
3475,63
3476,67
3477,131
3478,67
3479,68
3480,74
3481,113
3482,59
3483,71
3484,71
3485,69
3486,96
3487,70
3488,65
3489,70
3490,60
3491,58
3492,89
3493,153
3494,64
3495,67
3496,87
3497,193
3498,58
3499,115
3500,71
3501,59
3502,65
3503,72
3504,132
3505,55
3506,56
3507,59
3508,80
3509,70
3510,66
3511,57
3512,79
3513,75
3514,58
3515,321
3516,65
3517,109
3518,71
3519,68
3520,132
3521,61
3522,170
3523,58
3524,63
3525,62
3526,128
3527,118
3528,62
3529,101
3530,59
3531,70
3532,67
3533,61
3534,68
3535,108
3536,62
3537,69
3538,134
3539,83
3540,79
3541,98
3542,123
3543,115
3544,64
3545,81
3546,59
3547,72
3548,64
3549,94
3550,76
3551,101
3552,58
3553,143
3554,107
3555,65
3556,125
3557,78
3558,67
3559,70
3560,60
3561,125
3562,71
3563,74
3564,65
3565,66
3566,81
3567,73
3568,61
3569,80
3570,77
3571,89
3572,63
3573,114
3574,63
3575,65
3576,68
3577,128
3578,197
3579,63
3580,128
3581,63
3582,100
3583,104
3584,98
3585,74
3586,63
3587,131
3588,218
3589,60
3590,73
3591,66
3592,113
3593,65
3594,62
3595,63
3596,64
3597,67
3598,72
3599,60
3600,115
3601,80
3602,88
3603,109
3604,55
3605,62
3606,116
3607,61
3608,67
3609,91
3610,69
3611,60
3612,54
3613,177
3614,69
3615,67
3616,102
3617,68
3618,57
3619,102
3620,91
3621,121
3622,114
3623,66
3624,60
3625,78
3626,57
3627,59
3628,59
3629,62
3630,61
3631,66
3632,63
3633,68
3634,63
3635,55
3636,60
3637,69
3638,73
3639,65
3640,56
3641,55
3642,71
3643,65
3644,57
3645,97
3646,73
3647,68
3648,133
3649,70
3650,60
3651,122
3652,141
3653,68
3654,115
3655,106
3656,66
3657,54
3658,74
3659,83
3660,66
3661,173
3662,65
3663,126
3664,82
3665,87
3666,104
3667,54
3668,60
3669,62
3670,71
3671,54
3672,74
3673,62
3674,136
3675,66
3676,114
3677,72
3678,54
3679,65
3680,77
3681,71
3682,64
3683,71
3684,141
3685,119
3686,68
3687,60
3688,69
3689,156
3690,107
3691,122
3692,72
3693,61
3694,55
3695,70
3696,60
3697,71
3698,55
3699,116
3700,147
3701,60
3702,71
3703,62
3704,116
3705,117
3706,137
3707,116
3708,200
3709,115
3710,66
3711,128
3712,81
3713,262
3714,60
3715,59
3716,61
3717,64
3718,75
3719,164
3720,90
3721,54
3722,68
3723,68
3724,57
3725,101
3726,114
3727,60
3728,67
3729,66
3730,117
3731,54
3732,200
3733,62
3734,63
3735,66
3736,77
3737,64
3738,119
3739,83
3740,63
3741,61
3742,177
3743,62
3744,57
3745,128
3746,137
3747,135
3748,106
3749,143
3750,112
3751,113
3752,63
3753,122
3754,129
3755,68
3756,60
3757,102
3758,59
3759,114
3760,141
3761,63
3762,201
3763,59
3764,76
3765,62
3766,61
3767,142
3768,67
3769,61
3770,63
3771,75
3772,150
3773,216
3774,71
3775,65
3776,68
3777,61
3778,72
3779,56
3780,255
3781,106
3782,62
3783,61
3784,52
3785,186
3786,98
3787,91
3788,82
3789,74
3790,81
3791,142
3792,120
3793,67
3794,56
3795,67
3796,108
3797,70
3798,54
3799,69
3800,88
3801,77
3802,57
3803,73
3804,217
3805,71
3806,122
3807,72
3808,132
3809,112
3810,98
3811,80
3812,118
3813,70
3814,66
3815,71
3816,134
3817,100
3818,136
3819,178
3820,66
3821,135
3822,64
3823,64
3824,104
3825,64
3826,176
3827,78
3828,62
3829,73
3830,66
3831,99
3832,70
3833,71
3834,67
3835,62
3836,142
3837,71
3838,168
3839,77
3840,65
3841,134
3842,74
3843,168
3844,83
3845,68
3846,113
3847,73
3848,67
3849,137
3850,94
3851,119
3852,71
3853,68
3854,62
3855,62
3856,65
3857,121
3858,60
3859,84
3860,67
3861,62
3862,184
3863,101
3864,101
3865,157
3866,239
3867,76
3868,58
3869,98
3870,89
3871,67
3872,76
3873,113
3874,77
3875,76
3876,68
3877,203
3878,72
3879,70
3880,58
3881,109
3882,60
3883,63
3884,112
3885,56
3886,69
3887,138
3888,100
3889,73
3890,54
3891,94
3892,69
3893,123
3894,67
3895,74
3896,63
3897,73
3898,60
3899,63
3900,70
3901,108
3902,68
3903,57
3904,65
3905,132
3906,68
3907,63
3908,68
3909,149
3910,63
3911,95
3912,212
3913,54
3914,126
3915,68
3916,67
3917,82
3918,160
3919,219
3920,64
3921,65
3922,137
3923,54
3924,95
3925,68
3926,70
3927,117
3928,215
3929,63
3930,58
3931,61
3932,82
3933,158
3934,75
3935,137
3936,73
3937,88
3938,72
3939,70
3940,68
3941,116
3942,108
3943,139
3944,82
3945,128
3946,69
3947,69
3948,57
3949,66
3950,61
3951,129
3952,69
3953,74
3954,70
3955,78
3956,175
3957,68
3958,81
3959,60
3960,75
3961,126
3962,120
3963,57
3964,57
3965,123
3966,70
3967,63
3968,63
3969,161
3970,129
3971,79
3972,117
3973,103
3974,64
3975,68
3976,71
3977,56
3978,215
3979,126
3980,104
3981,57
3982,70
3983,70
3984,68
3985,137
3986,64
3987,212
3988,193
3989,68
3990,121
3991,64
3992,149
3993,106
3994,58
3995,62
3996,248
3997,127
3998,270
3999,67
4000,136
4001,75
4002,66
4003,65
4004,129
4005,137
4006,126
4007,75
4008,63
4009,102
4010,64
4011,70
4012,58
4013,69
4014,80
4015,155
4016,89
4017,61
4018,239
4019,100
4020,74
4021,74
4022,67
4023,133
4024,152
4025,123
4026,251
4027,65
4028,141
4029,129
4030,71
4031,208
4032,196
4033,62
4034,68
4035,55
4036,63
4037,79
4038,69
4039,67
4040,61
4041,239
4042,68
4043,57
4044,67
4045,117
4046,61
4047,66
4048,65
4049,65
4050,203
4051,67
4052,72
4053,63
4054,174
4055,60
4056,66
4057,62
4058,148
4059,142
4060,77
4061,61
4062,60
4063,81
4064,189
4065,73
4066,215
4067,107
4068,59
4069,63
4070,56
4071,60
4072,157
4073,138
4074,143
4075,76
4076,145
4077,58
4078,75
4079,57
4080,165
4081,142
4082,72
4083,208
4084,140
4085,59
4086,129
4087,72
4088,152
4089,54
4090,57
4091,59
4092,125
4093,126
4094,55
4095,155
4096,100
4097,63
4098,66
4099,76
4100,61
4101,89
4102,61
4103,64
4104,124
4105,81
4106,77
4107,73
4108,59
4109,74
4110,59
4111,115
4112,150
4113,221
4114,102
4115,65
4116,144
4117,67
4118,220
4119,86
4120,70
4121,75
4122,71
4123,72
4124,74
4125,126
4126,134
4127,76
4128,60
4129,160
4130,80
4131,217
4132,54
4133,169
4134,82
4135,188
4136,113
4137,57
4138,124
4139,65
4140,164
4141,70
4142,128
4143,267
4144,67
4145,147
4146,110
4147,70
4148,61
4149,129
4150,142
4151,61
4152,68
4153,68
4154,95
4155,64
4156,70
4157,226
4158,67
4159,135
4160,201
4161,245
4162,67
4163,64
4164,121
4165,79
4166,129
4167,64
4168,66
4169,193
4170,64
4171,62
4172,63
4173,59
4174,119
4175,110
4176,70
4177,143
4178,79
4179,76
4180,134
4181,129
4182,67
4183,67
4184,68
4185,72
4186,173
4187,67
4188,145
4189,71
4190,122
4191,187
4192,172
4193,80
4194,70
4195,63
4196,56
4197,64
4198,67
4199,139
4200,76
4201,122
4202,64
4203,64
4204,62
4205,61
4206,59
4207,68
4208,64
4209,59
4210,64
4211,70
4212,199
4213,60
4214,75
4215,62
4216,63
4217,110
4218,226
4219,263
4220,65
4221,74
4222,57
4223,56
4224,69
4225,74
4226,139
4227,69
4228,102
4229,62
4230,201
4231,102
4232,214
4233,73
4234,63
4235,73
4236,64
4237,73
4238,202
4239,87
4240,71
4241,65
4242,78
4243,57
4244,74
4245,138
4246,180
4247,280
4248,69
4249,252
4250,121
4251,146
4252,75
4253,177
4254,64
4255,72
4256,234
4257,93
4258,102
4259,71
4260,170
4261,75
4262,66
4263,191
4264,61
4265,183
4266,57
4267,138
4268,63
4269,78
4270,157
4271,121
4272,79
4273,181
4274,57
4275,200
4276,72
4277,185
4278,62
4279,66
4280,225
4281,106
4282,108
4283,61
4284,72
4285,66
4286,69
4287,65
4288,64
4289,60
4290,57
4291,70
4292,56
4293,339
4294,61
4295,213
4296,188
4297,137
4298,72
4299,60
4300,143
4301,73
4302,63
4303,65
4304,64
4305,106
4306,145
4307,138
4308,106
4309,63
4310,161
4311,70
4312,271
4313,152
4314,76
4315,151
4316,110
4317,57
4318,97
4319,119
4320,142
4321,64
4322,67
4323,137
4324,107
4325,106
4326,234
4327,115
4328,102
4329,75
4330,62
4331,140
4332,71
4333,144
4334,74
4335,173
4336,67
4337,68
4338,190
4339,173
4340,104
4341,62
4342,69
4343,65
4344,138
4345,187
4346,73
4347,63
4348,71
4349,246
4350,67
4351,94
4352,116
4353,68
4354,72
4355,62
4356,64
4357,135
4358,220
4359,159
4360,54
4361,114
4362,62
4363,60
4364,77
4365,152
4366,63
4367,91
4368,128
4369,65
4370,165
4371,122
4372,233
4373,62
4374,61
4375,222
4376,56
4377,81
4378,67
4379,95
4380,72
4381,72
4382,67
4383,61
4384,76
4385,61
4386,176
4387,59
4388,109
4389,145
4390,59
4391,157
4392,56
4393,111
4394,67
4395,70
4396,191
4397,73
4398,109
4399,82
4400,140
4401,72
4402,267
4403,67
4404,189
4405,122
4406,271
4407,214
4408,84
4409,110
4410,92
4411,61
4412,73
4413,73
4414,61
4415,69
4416,62
4417,59
4418,82
4419,74
4420,82
4421,68
4422,57
4423,58
4424,75
4425,60
4426,67
4427,76
4428,58
4429,100
4430,56
4431,261
4432,63
4433,70
4434,64
4435,59
4436,214
4437,54
4438,214
4439,135
4440,71
4441,219
4442,76
4443,71
4444,61
4445,61
4446,60
4447,78
4448,92
4449,66
4450,59
4451,224
4452,201
4453,229
4454,67
4455,135
4456,142
4457,64
4458,215
4459,100
4460,58
4461,112
4462,115
4463,59
4464,110
4465,68
4466,53
4467,64
4468,265
4469,63
4470,56
4471,77
4472,71
4473,63
4474,221
4475,169
4476,64
4477,65
4478,76
4479,62
4480,171
4481,210
4482,77
4483,261
4484,83
4485,65
4486,67
4487,212
4488,57
4489,68
4490,69
4491,157
4492,64
4493,71
4494,79
4495,122
4496,73
4497,67
4498,61
4499,68
4500,57
4501,72
4502,96
4503,65
4504,88
4505,86
4506,60
4507,63
4508,323
4509,170
4510,218
4511,57
4512,108
4513,55
4514,73
4515,62
4516,65
4517,83
4518,62
4519,67
4520,79
4521,58
4522,105
4523,237
4524,109
4525,156
4526,63
4527,118
4528,146
4529,225
4530,65
4531,107
4532,66
4533,84
4534,68
4535,80
4536,59
4537,64
4538,141
4539,68
4540,64
4541,63
4542,62
4543,56
4544,70
4545,60
4546,63
4547,64
4548,110
4549,62
4550,213
4551,66
4552,61
4553,74
4554,121
4555,200
4556,74
4557,62
4558,64
4559,58
4560,228
4561,152
4562,73
4563,143
4564,63
4565,81
4566,71
4567,81
4568,61
4569,215
4570,170
4571,64
4572,145
4573,59
4574,63
4575,57
4576,97
4577,58
4578,129
4579,78
4580,157
4581,70
4582,71
4583,255
4584,56
4585,65
4586,60
4587,66
4588,71
4589,153
4590,70
4591,59
4592,112
4593,63
4594,94
4595,221
4596,72
4597,266
4598,79
4599,113
4600,66
4601,254
4602,156
4603,137
4604,59
4605,72
4606,237
4607,61
4608,60
4609,115
4610,242
4611,99
4612,84
4613,131
4614,81
4615,64
4616,62
4617,168
4618,58
4619,246
4620,59
4621,55
4622,178
4623,57
4624,204
4625,134
4626,61
4627,74
4628,285
4629,153
4630,152
4631,215
4632,84
4633,266
4634,210
4635,114
4636,65
4637,61
4638,65
4639,223
4640,61
4641,51
4642,67
4643,61
4644,108
4645,238
4646,61
4647,92
4648,204
4649,157
4650,72
4651,132
4652,58
4653,59
4654,59
4655,111
4656,137
4657,70
4658,145
4659,159
4660,121
4661,68
4662,63
4663,89
4664,237
4665,60
4666,74
4667,75
4668,127
4669,173
4670,57
4671,72
4672,74
4673,61
4674,70
4675,62
4676,116
4677,68
4678,129
4679,79
4680,240
4681,92
4682,59
4683,63
4684,155
4685,293
4686,203
4687,218
4688,62
4689,68
4690,83
4691,64
4692,97
4693,66
4694,271
4695,173
4696,76
4697,63
4698,183
4699,58
4700,56
4701,75
4702,184
4703,141
4704,65
4705,65
4706,64
4707,53
4708,82
4709,71
4710,57
4711,55
4712,85
4713,135
4714,147
4715,61
4716,76
4717,70
4718,98
4719,129
4720,62
4721,65
4722,188
4723,73
4724,64
4725,73
4726,184
4727,217
4728,66
4729,68
4730,179
4731,68
4732,63
4733,149
4734,56
4735,63
4736,100
4737,66
4738,64
4739,65
4740,247
4741,244
4742,57
4743,253
4744,63
4745,55
4746,57
4747,110
4748,106
4749,83
4750,69
4751,144
4752,75
4753,68
4754,160
4755,67
4756,226
4757,222
4758,63
4759,197
4760,236
4761,72
4762,64
4763,67
4764,97
4765,70
4766,156
4767,70
4768,137
4769,68
4770,176
4771,79
4772,316
4773,75
4774,76
4775,117
4776,57
4777,54
4778,58
4779,115
4780,96
4781,114
4782,57
4783,122
4784,81
4785,63
4786,66
4787,69
4788,243
4789,65
4790,66
4791,120
4792,53
4793,105
4794,119
4795,163
4796,70
4797,65
4798,111
4799,67
4800,66
4801,142
4802,66
4803,252
4804,67
4805,70
4806,107
4807,67
4808,81
4809,60
4810,171
4811,65
4812,141
4813,296
4814,134
4815,112
4816,277
4817,74
4818,62
4819,101
4820,52
4821,85
4822,222
4823,71
4824,192
4825,62
4826,276
4827,72
4828,103
4829,67
4830,70
4831,314
4832,66
4833,55
4834,198
4835,129
4836,71
4837,68
4838,65
4839,164
4840,309
4841,78
4842,62
4843,139
4844,68
4845,138
4846,241
4847,82
4848,149
4849,62
4850,76
4851,68
4852,68
4853,102
4854,66
4855,63
4856,197
4857,128
4858,114
4859,70
4860,102
4861,120
4862,60
4863,68
4864,63
4865,73
4866,64
4867,143
4868,70
4869,71
4870,113
4871,84
4872,61
4873,236
4874,158
4875,66
4876,70
4877,72
4878,61
4879,120
4880,122
4881,233
4882,76
4883,68
4884,68
4885,69
4886,178
4887,149
4888,70
4889,157
4890,78
4891,61
4892,56
4893,61
4894,69
4895,68
4896,69
4897,152
4898,65
4899,245
4900,74
4901,131
4902,58
4903,67
4904,66
4905,69
4906,85
4907,94
4908,56
4909,51
4910,80
4911,272
4912,248
4913,69
4914,59
4915,119
4916,70
4917,239
4918,131
4919,155
4920,123
4921,97
4922,138
4923,104
4924,83
4925,150
4926,224
4927,69
4928,86
4929,68
4930,244
4931,116
4932,131
4933,70
4934,104
4935,189
4936,88
4937,68
4938,69
4939,117
4940,64
4941,188
4942,209
4943,76
4944,71
4945,252
4946,75
4947,57
4948,107
4949,60
4950,80
4951,103
4952,196
4953,113
4954,67
4955,58
4956,65
4957,71
4958,55
4959,71
4960,81
4961,75
4962,239
4963,68
4964,63
4965,61
4966,175
4967,121
4968,61
4969,69
4970,62
4971,106
4972,125
4973,219
4974,102
4975,56
4976,67
4977,67
4978,210
4979,179
4980,63
4981,115
4982,245
4983,67
4984,60
4985,76
4986,69
4987,161
4988,135
4989,126
4990,234
4991,114
4992,210
4993,119
4994,267
4995,109
4996,70
4997,247
4998,121
4999,212
5000,223
5001,59
5002,71
5003,126
5004,66
5005,74
5006,67
5007,101
5008,60
5009,118
5010,71
5011,124
5012,62
5013,70
5014,71
5015,172
5016,65
5017,54
5018,70
5019,147
5020,142
5021,128
5022,65
5023,66
5024,68
5025,64
5026,68
5027,62
5028,75
5029,250
5030,231
5031,308
5032,74
5033,150
5034,72
5035,62
5036,110
5037,56
5038,161
5039,79
5040,67
5041,78
5042,121
5043,116
5044,211
5045,73
5046,70
5047,77
5048,160
5049,152
5050,68
5051,60
5052,64
5053,68
5054,66
5055,156
5056,55
5057,70
5058,84
5059,75
5060,200
5061,59
5062,221
5063,176
5064,153
5065,72
5066,62
5067,62
5068,75
5069,67
5070,193
5071,72
5072,111
5073,72
5074,72
5075,223
5076,62
5077,123
5078,69
5079,93
5080,212
5081,56
5082,85
5083,98
5084,104
5085,66
5086,167
5087,66
5088,69
5089,80
5090,60
5091,154
5092,401
5093,168
5094,69
5095,121
5096,194
5097,265
5098,167
5099,131
5100,238
5101,57
5102,149
5103,67
5104,154
5105,219
5106,98
5107,82
5108,226
5109,163
5110,63
5111,213
5112,69
5113,65
5114,67
5115,312
5116,66
5117,97
5118,56
5119,280
5120,116
5121,202
5122,68
5123,70
5124,207
5125,74
5126,129
5127,122
5128,86
5129,93
5130,72
5131,67
5132,121
5133,67
5134,62
5135,77
5136,67
5137,79
5138,62
5139,91
5140,65
5141,195
5142,67
5143,65
5144,253
5145,66
5146,211
5147,66
5148,93
5149,83
5150,65
5151,126
5152,291
5153,224
5154,71
5155,225
5156,107
5157,54
5158,140
5159,70
5160,63
5161,66
5162,147
5163,177
5164,108
5165,56
5166,116
5167,77
5168,107
5169,73
5170,57
5171,64
5172,85
5173,202
5174,73
5175,101
5176,55
5177,71
5178,167
5179,70
5180,160
5181,74
5182,73
5183,58
5184,89
5185,229
5186,65
5187,55
5188,82
5189,185
5190,143
5191,72
5192,257
5193,61
5194,153
5195,70
5196,108
5197,72
5198,60
5199,65
5200,167
5201,137
5202,68
5203,81
5204,214
5205,151
5206,64
5207,108
5208,221
5209,54
5210,75
5211,256
5212,160
5213,79
5214,59
5215,131
5216,77
5217,187
5218,213
5219,231
5220,59
5221,65
5222,156
5223,56
5224,157
5225,60
5226,148
5227,112
5228,89
5229,76
5230,81
5231,299
5232,59
5233,64
5234,200
5235,66
5236,68
5237,120
5238,147
5239,67
5240,291
5241,172
5242,62
5243,55
5244,122
5245,79
5246,146
5247,69
5248,126
5249,69
5250,159
5251,162
5252,60
5253,70
5254,110
5255,315
5256,108
5257,70
5258,50
5259,149
5260,58
5261,66
5262,95
5263,237
5264,216
5265,125
5266,108
5267,66
5268,115
5269,137
5270,203
5271,58
5272,81
5273,66
5274,53
5275,56
5276,142
5277,243
5278,72
5279,59
5280,64
5281,64
5282,246
5283,66
5284,108
5285,134
5286,117
5287,82
5288,66
5289,59
5290,71
5291,56
5292,73
5293,70
5294,99
5295,60
5296,65
5297,66
5298,125
5299,143
5300,63
5301,70
5302,62
5303,68
5304,245
5305,84
5306,169
5307,81
5308,64
5309,66
5310,147
5311,234
5312,119
5313,62
5314,77
5315,122
5316,240
5317,70
5318,323
5319,223
5320,68
5321,308
5322,73
5323,62
5324,58
5325,182
5326,64
5327,68
5328,61
5329,69
5330,61
5331,77
5332,58
5333,140
5334,212
5335,172
5336,130
5337,63
5338,122
5339,77
5340,72
5341,95
5342,250
5343,228
5344,71
5345,94
5346,62
5347,85
5348,285
5349,68
5350,62
5351,60
5352,68
5353,124
5354,198
5355,65
5356,64
5357,72
5358,70
5359,71
5360,71
5361,70
5362,69
5363,232
5364,69
5365,206
5366,196
5367,67
5368,138
5369,68
5370,61
5371,71
5372,88
5373,69
5374,152
5375,263
5376,67
5377,65
5378,65
5379,69
5380,71
5381,71
5382,68
5383,62
5384,71
5385,109
5386,72
5387,120
5388,67
5389,58
5390,68
5391,69
5392,63
5393,53
5394,137
5395,130
5396,264
5397,136
5398,91
5399,74
5400,65
5401,60
5402,57
5403,163
5404,269
5405,59
5406,111
5407,65
5408,55
5409,61
5410,284
5411,73
5412,83
5413,85
5414,111
5415,230
5416,66
5417,62
5418,67
5419,59
5420,62
5421,69
5422,59
5423,67
5424,104
5425,64
5426,242
5427,133
5428,152
5429,147
5430,151
5431,66
5432,230
5433,230
5434,70
5435,140
5436,64
5437,65
5438,74
5439,167
5440,143
5441,157
5442,159
5443,61
5444,183
5445,70
5446,63
5447,66
5448,72
5449,134
5450,145
5451,67
5452,72
5453,63
5454,148
5455,67
5456,57
5457,57
5458,108
5459,92
5460,59
5461,58
5462,196
5463,67
5464,132
5465,108
5466,125
5467,161
5468,104
5469,69
5470,239
5471,68
5472,106
5473,154
5474,251
5475,158
5476,84
5477,132
5478,65
5479,73
5480,76
5481,59
5482,60
5483,66
5484,56
5485,188
5486,96
5487,201
5488,68
5489,166
5490,67
5491,299
5492,245
5493,116
5494,106
5495,70
5496,121
5497,143
5498,223
5499,59
5500,237
5501,75
5502,106
5503,123
5504,172
5505,232
5506,64
5507,73
5508,59
5509,64
5510,71
5511,245
5512,170
5513,76
5514,327
5515,88
5516,97
5517,74
5518,68
5519,127
5520,218
5521,59
5522,232
5523,61
5524,71
5525,229
5526,139
5527,226
5528,74
5529,235
5530,65
5531,187
5532,171
5533,218
5534,52
5535,53
5536,268
5537,99
5538,105
5539,105
5540,119
5541,81
5542,69
5543,62
5544,266
5545,162
5546,234
5547,76
5548,156
5549,130
5550,125
5551,145
5552,92
5553,61
5554,263
5555,146
5556,161
5557,64
5558,150
5559,220
5560,56
5561,86
5562,136
5563,149
5564,102
5565,307
5566,68
5567,66
5568,128
5569,157
5570,69
5571,147
5572,158
5573,73
5574,162
5575,104
5576,68
5577,64
5578,101
5579,72
5580,197
5581,65
5582,57
5583,206
5584,65
5585,240
5586,71
5587,155
5588,112
5589,106
5590,294
5591,53
5592,69
5593,63
5594,63
5595,63
5596,63
5597,99
5598,58
5599,94
5600,99
5601,165
5602,68
5603,146
5604,124
5605,62
5606,302
5607,60
5608,103
5609,145
5610,108
5611,88
5612,67
5613,184
5614,280
5615,134
5616,57
5617,64
5618,239
5619,64
5620,66
5621,71
5622,69
5623,71
5624,68
5625,59
5626,70
5627,105
5628,119
5629,87
5630,161
5631,129
5632,67
5633,169
5634,222
5635,123
5636,66
5637,113
5638,105
5639,234
5640,61
5641,246
5642,307
5643,107
5644,62
5645,227
5646,266
5647,63
5648,89
5649,74
5650,137
5651,71
5652,361
5653,57
5654,60
5655,93
5656,61
5657,256
5658,114
5659,143
5660,333
5661,242
5662,66
5663,76
5664,139
5665,81
5666,67
5667,76
5668,57
5669,59
5670,144
5671,149
5672,158
5673,64
5674,70
5675,68
5676,82
5677,77
5678,73
5679,157
5680,111
5681,119
5682,60
5683,155
5684,60
5685,183
5686,64
5687,289
5688,60
5689,59
5690,252
5691,162
5692,57
5693,67
5694,65
5695,313
5696,257
5697,280
5698,87
5699,74
5700,57
5701,63
5702,73
5703,290
5704,67
5705,55
5706,199
5707,164
5708,59
5709,61
5710,194
5711,75
5712,75
5713,68
5714,60
5715,65
5716,174
5717,58
5718,198
5719,58
5720,140
5721,313
5722,115
5723,156
5724,108
5725,72
5726,58
5727,76
5728,74
5729,256
5730,227
5731,74
5732,189
5733,68
5734,78
5735,130
5736,137
5737,114
5738,85
5739,62
5740,165
5741,67
5742,182
5743,110
5744,55
5745,96
5746,199
5747,73
5748,221
5749,224
5750,70
5751,123
5752,241
5753,124
5754,77
5755,242
5756,67
5757,144
5758,265
5759,132
5760,128
5761,119
5762,225
5763,229
5764,182
5765,125
5766,73
5767,72
5768,62
5769,61
5770,98
5771,64
5772,69
5773,70
5774,164
5775,61
5776,67
5777,238
5778,189
5779,62
5780,71
5781,61
5782,78
5783,71
5784,155
5785,70
5786,114
5787,141
5788,108
5789,118
5790,167
5791,60
5792,61
5793,71
5794,293
5795,66
5796,68
5797,107
5798,257
5799,365
5800,72
5801,255
5802,66
5803,77
5804,237
5805,277
5806,105
5807,63
5808,306
5809,142
5810,218
5811,70
5812,60
5813,154
5814,60
5815,255
5816,250
5817,58
5818,253
5819,66
5820,65
5821,61
5822,270
5823,59
5824,75
5825,64
5826,71
5827,141
5828,56
5829,218
5830,145
5831,131
5832,103
5833,70
5834,209
5835,214
5836,72
5837,256
5838,235
5839,80
5840,59
5841,70
5842,229
5843,60
5844,62
5845,80
5846,78
5847,67
5848,109
5849,78
5850,202
5851,170
5852,375
5853,128
5854,64
5855,249
5856,59
5857,61
5858,74
5859,211
5860,63
5861,168
5862,60
5863,188
5864,55
5865,61
5866,63
5867,64
5868,236
5869,195
5870,63
5871,222
5872,126
5873,68
5874,159
5875,171
5876,196
5877,66
5878,65
5879,250
5880,127
5881,118
5882,74
5883,62
5884,60
5885,67
5886,244
5887,162
5888,253
5889,114
5890,86
5891,135
5892,69
5893,79
5894,80
5895,214
5896,237
5897,71
5898,74
5899,74
5900,66
5901,60
5902,107
5903,52
5904,69
5905,115
5906,57
5907,357
5908,69
5909,61
5910,70
5911,79
5912,349
5913,70
5914,61
5915,169
5916,75
5917,289
5918,234
5919,65
5920,69
5921,148
5922,222
5923,119
5924,59
5925,155
5926,82
5927,147
5928,61
5929,68
5930,70
5931,71
5932,140
5933,65
5934,120
5935,68
5936,85
5937,135
5938,140
5939,60
5940,81
5941,66
5942,249
5943,286
5944,273
5945,293
5946,90
5947,201
5948,228
5949,68
5950,61
5951,148
5952,81
5953,65
5954,71
5955,117
5956,269
5957,294
5958,117
5959,98
5960,76
5961,74
5962,139
5963,78
5964,62
5965,183
5966,72
5967,132
5968,63
5969,70
5970,137
5971,304
5972,70
5973,127
5974,99
5975,75
5976,65
5977,68
5978,61
5979,72
5980,109
5981,62
5982,89
5983,119
5984,58
5985,192
5986,240
5987,65
5988,230
5989,65
5990,67
5991,115
5992,102
5993,169
5994,76
5995,66
5996,231
5997,74
5998,316
5999,251
6000,76
6001,76
6002,75
6003,231
6004,75
6005,149
6006,62
6007,283
6008,69
6009,70
6010,152
6011,67
6012,108
6013,63
6014,143
6015,60
6016,143
6017,61
6018,322
6019,75
6020,244
6021,247
6022,258
6023,60
6024,228
6025,62
6026,120
6027,50
6028,159
6029,104
6030,62
6031,59
6032,252
6033,137
6034,66
6035,56
6036,238
6037,316
6038,149
6039,156
6040,67
6041,60
6042,236
6043,159
6044,72
6045,61
6046,142
6047,262
6048,64
6049,60
6050,63
6051,61
6052,155
6053,242
6054,66
6055,165
6056,64
6057,70
6058,76
6059,303
6060,157
6061,257
6062,73
6063,67
6064,66
6065,130
6066,69
6067,184
6068,77
6069,63
6070,65
6071,155
6072,120
6073,210
6074,70
6075,68
6076,148
6077,105
6078,123
6079,62
6080,224
6081,72
6082,66
6083,162
6084,452
6085,67
6086,278
6087,281
6088,151
6089,72
6090,127
6091,91
6092,254
6093,60
6094,67
6095,247
6096,66
6097,60
6098,162
6099,282
6100,200
6101,70
6102,116
6103,132
6104,145
6105,118
6106,60
6107,67
6108,296
6109,67
6110,229
6111,77
6112,56
6113,216
6114,70
6115,270
6116,158
6117,75
6118,169
6119,58
6120,167
6121,61
6122,239
6123,65
6124,66
6125,164
6126,66
6127,68
6128,245
6129,61
6130,61
6131,54
6132,69
6133,237
6134,71
6135,66
6136,67
6137,140
6138,56
6139,164
6140,104
6141,67
6142,136
6143,95
6144,250
6145,484840
6146,120
6147,79
6148,72
6149,74
6150,73
6151,190
6152,67
6153,82
6154,125
6155,73
6156,114
6157,62
6158,68
6159,111
6160,73
6161,138
6162,99
6163,71
6164,70
6165,65
6166,136
6167,73
6168,73
6169,159
6170,140
6171,68
6172,69
6173,69
6174,123
6175,63
6176,67
6177,59
6178,66
6179,67
6180,129
6181,181
6182,150
6183,150
6184,68
6185,81
6186,88
6187,106
6188,67
6189,65
6190,60
6191,106
6192,85
6193,67
6194,64
6195,71
6196,66
6197,68
6198,62
6199,83
6200,60
6201,77
6202,75
6203,127
6204,71
6205,63
6206,73
6207,65
6208,59
6209,65
6210,58
6211,62
6212,128
6213,154
6214,68
6215,77
6216,152
6217,71
6218,162
6219,193
6220,68
6221,138
6222,129
6223,79
6224,69
6225,157
6226,62
6227,66
6228,59
6229,63
6230,124
6231,67
6232,76
6233,63
6234,204
6235,78
6236,82
6237,66
6238,165
6239,62
6240,50
6241,180
6242,167
6243,82
6244,72
6245,67
6246,66
6247,66
6248,81
6249,65
6250,67
6251,150
6252,140
6253,66
6254,67
6255,78
6256,63
6257,61
6258,142
6259,152
6260,145
6261,71
6262,62
6263,70
6264,70
6265,62
6266,69
6267,73
6268,168
6269,80
6270,69
6271,79
6272,59
6273,67
6274,75
6275,235
6276,68
6277,146
6278,229
6279,84
6280,66
6281,80
6282,158
6283,177
6284,123
6285,63
6286,60
6287,61
6288,63
6289,78
6290,57
6291,82
6292,63
6293,194
6294,68
6295,62
6296,75
6297,156
6298,167
6299,66
6300,128
6301,64
6302,60
6303,66
6304,73
6305,75
6306,63
6307,104
6308,168
6309,69
6310,71
6311,65
6312,188
6313,187
6314,73
6315,64
6316,84
6317,156
6318,71
6319,84
6320,74
6321,69
6322,113
6323,128
6324,133
6325,66
6326,230
6327,64
6328,76
6329,152
6330,157
6331,66
6332,146
6333,61
6334,71
6335,124
6336,66
6337,68
6338,166
6339,67
6340,199
6341,64
6342,56
6343,123
6344,80
6345,199
6346,171
6347,122
6348,80
6349,163
6350,85
6351,59
6352,63
6353,57
6354,70
6355,75
6356,164
6357,72
6358,118
6359,107
6360,66
6361,76
6362,69
6363,80
6364,70
6365,111
6366,69
6367,64
6368,69
6369,107
6370,118
6371,126
6372,180
6373,137
6374,77
6375,147
6376,66
6377,167
6378,60
6379,79
6380,64
6381,210
6382,66
6383,162
6384,176
6385,132
6386,222
6387,69
6388,65
6389,76
6390,82
6391,76
6392,57
6393,63
6394,71
6395,127
6396,138
6397,66
6398,71
6399,177
6400,68
6401,89
6402,77
6403,72
6404,174
6405,65
6406,66
6407,65
6408,56
6409,73
6410,60
6411,70
6412,170
6413,72
6414,161
6415,110
6416,59
6417,200
6418,67
6419,182
6420,133
6421,73
6422,166
6423,171
6424,54
6425,169
6426,164
6427,154
6428,146
6429,174
6430,169
6431,79
6432,58
6433,66
6434,166
6435,63
6436,67
6437,180
6438,77
6439,219
6440,71
6441,111
6442,169
6443,145
6444,148
6445,60
6446,135
6447,126
6448,64
6449,73
6450,76
6451,62
6452,158
6453,179
6454,99
6455,65
6456,213
6457,138
6458,74
6459,136
6460,84
6461,77
6462,84
6463,78
6464,344
6465,69
6466,78
6467,68
6468,190
6469,176
6470,82
6471,58
6472,75
6473,66
6474,65
6475,72
6476,117
6477,92
6478,59
6479,70
6480,98
6481,185
6482,83
6483,90
6484,68
6485,61
6486,173
6487,60
6488,68
6489,66
6490,168
6491,68
6492,62
6493,185
6494,68
6495,57
6496,65
6497,68
6498,77
6499,63
6500,65
6501,81
6502,66
6503,72
6504,190
6505,142
6506,87
6507,77
6508,78
6509,56
6510,81
6511,94
6512,64
6513,77
6514,161
6515,68
6516,75
6517,70
6518,175
6519,207
6520,184
6521,60
6522,57
6523,66
6524,60
6525,75
6526,59
6527,70
6528,69
6529,118
6530,130
6531,108
6532,120
6533,190
6534,67
6535,117
6536,141
6537,59
6538,192
6539,154
6540,64
6541,56
6542,71
6543,75
6544,67
6545,88
6546,175
6547,64
6548,68
6549,60
6550,74
6551,67
6552,125
6553,67
6554,177
6555,186
6556,66
6557,73
6558,72
6559,186
6560,158
6561,234
6562,166
6563,68
6564,78
6565,149
6566,121
6567,229
6568,83
6569,91
6570,64
6571,67
6572,72
6573,174
6574,252
6575,127
6576,68
6577,137
6578,59
6579,108
6580,104
6581,73
6582,61
6583,81
6584,195
6585,112
6586,69
6587,70
6588,69
6589,78
6590,61
6591,72
6592,193
6593,67
6594,65
6595,182
6596,82
6597,56
6598,88
6599,70
6600,77
6601,62
6602,66
6603,65
6604,71
6605,71
6606,74
6607,200
6608,121
6609,146
6610,77
6611,70
6612,87
6613,71
6614,161
6615,65
6616,90
6617,80
6618,212
6619,134
6620,69
6621,74
6622,60
6623,172
6624,63
6625,98
6626,68
6627,154
6628,66
6629,63
6630,259
6631,79
6632,69
6633,245
6634,74
6635,61
6636,60
6637,152
6638,64
6639,65
6640,85
6641,61
6642,72
6643,183
6644,69
6645,91
6646,72
6647,63
6648,64
6649,71
6650,72
6651,65
6652,206
6653,65
6654,66
6655,67
6656,66
6657,120
6658,142
6659,76
6660,80
6661,69
6662,105
6663,70
6664,155
6665,56
6666,172
6667,125
6668,173
6669,199
6670,182
6671,64
6672,65
6673,69
6674,67
6675,141
6676,67
6677,169
6678,72
6679,72
6680,79
6681,145
6682,80
6683,52
6684,76
6685,111
6686,84
6687,70
6688,69
6689,59
6690,66
6691,65
6692,75
6693,83
6694,143
6695,72
6696,233
6697,69
6698,68
6699,71
6700,76
6701,70
6702,62
6703,79
6704,83
6705,64
6706,66
6707,106
6708,77
6709,76
6710,201
6711,175
6712,82
6713,70
6714,154
6715,69
6716,59
6717,59
6718,63
6719,194
6720,79
6721,91
6722,70
6723,112
6724,72
6725,72
6726,66
6727,108
6728,57
6729,66
6730,63
6731,59
6732,76
6733,64
6734,72
6735,62
6736,59
6737,76
6738,160
6739,62
6740,196
6741,66
6742,67
6743,58
6744,105
6745,115
6746,142
6747,146
6748,65
6749,61
6750,125
6751,69
6752,62
6753,117
6754,68
6755,77
6756,52
6757,177
6758,111
6759,56
6760,70
6761,92
6762,66
6763,65
6764,66
6765,62
6766,140
6767,83
6768,61
6769,171
6770,194
6771,65
6772,88
6773,72
6774,72
6775,66
6776,196
6777,59
6778,68
6779,63
6780,64
6781,65
6782,67
6783,61
6784,62
6785,66
6786,54
6787,111
6788,65
6789,70
6790,107
6791,66
6792,128
6793,75
6794,118
6795,71
6796,65
6797,116
6798,73
6799,63
6800,135
6801,62
6802,67
6803,70
6804,54
6805,87
6806,58
6807,64
6808,78
6809,67
6810,118
6811,63
6812,120
6813,70
6814,68
6815,58
6816,64
6817,65
6818,67
6819,70
6820,277
6821,86
6822,122
6823,66
6824,66
6825,69
6826,66
6827,69
6828,169
6829,122
6830,68
6831,124
6832,191
6833,64
6834,99
6835,82
6836,159
6837,95
6838,59
6839,59
6840,118
6841,96
6842,67
6843,75
6844,71
6845,73
6846,71
6847,71
6848,182
6849,67
6850,140
6851,154
6852,59
6853,63
6854,79
6855,157
6856,173
6857,74
6858,159
6859,104
6860,164
6861,125
6862,235
6863,85
6864,180
6865,66
6866,76
6867,75
6868,195
6869,57
6870,243
6871,104
6872,64
6873,238
6874,75
6875,165
6876,236
6877,172
6878,60
6879,64
6880,61
6881,224
6882,109
6883,61
6884,68
6885,153
6886,65
6887,191
6888,137
6889,55
6890,59
6891,72
6892,146
6893,57
6894,54
6895,86
6896,82
6897,106
6898,60
6899,64
6900,173
6901,167
6902,70
6903,71
6904,278
6905,71
6906,74
6907,58
6908,95
6909,187
6910,333
6911,59
6912,74
6913,65
6914,64
6915,63
6916,67
6917,79
6918,143
6919,67
6920,159
6921,69
6922,89
6923,141
6924,68
6925,67
6926,84
6927,62
6928,88
6929,63
6930,71
6931,69
6932,172
6933,183
6934,77
6935,63
6936,65
6937,143
6938,59
6939,49
6940,62
6941,46
6942,260
6943,184
6944,59
6945,82
6946,53
6947,73
6948,72
6949,111
6950,154
6951,127
6952,75
6953,62
6954,344
6955,249
6956,61
6957,171
6958,179
6959,105
6960,64
6961,184
6962,194
6963,63
6964,66
6965,71
6966,69
6967,63
6968,137
6969,73
6970,150
6971,84
6972,61
6973,67
6974,69
6975,75
6976,166
6977,64
6978,166
6979,175
6980,74
6981,147
6982,48
6983,172
6984,91
6985,330
6986,76
6987,108
6988,67
6989,65
6990,134
6991,72
6992,77
6993,180
6994,57
6995,72
6996,70
6997,54
6998,60
6999,57
7000,67
7001,69
7002,140
7003,185
7004,192
7005,69
7006,63
7007,155
7008,70
7009,66
7010,60
7011,105
7012,73
7013,63
7014,65
7015,170
7016,270
7017,247
7018,213
7019,94
7020,166
7021,65
7022,67
7023,56
7024,171
7025,59
7026,60
7027,264
7028,245
7029,61
7030,75
7031,72
7032,76
7033,109
7034,55
7035,65
7036,85
7037,115
7038,187
7039,156
7040,149
7041,118
7042,336
7043,80
7044,161
7045,68
7046,159
7047,60
7048,55
7049,55
7050,116
7051,117
7052,57
7053,58
7054,62
7055,67
7056,73
7057,70
7058,71
7059,72
7060,65
7061,169
7062,73
7063,169
7064,65
7065,56
7066,264
7067,189
7068,58
7069,173
7070,65
7071,69
7072,73
7073,69
7074,67
7075,64
7076,68
7077,65
7078,69
7079,81
7080,74
7081,312
7082,67
7083,153
7084,74
7085,68
7086,75
7087,64
7088,119
7089,62
7090,57
7091,195
7092,64
7093,66
7094,187
7095,110
7096,75
7097,168
7098,71
7099,154
7100,224
7101,119
7102,72
7103,64
7104,72
7105,148
