1,139
2,57
3,57
4,49
5,46
6,80
7,43
8,51
9,42
10,60
11,67
12,73
13,687
14,62
15,40
16,53
17,55
18,43
19,80
20,52
21,71
22,51
23,67
24,64
25,855
26,58
27,53
28,61
29,72
30,71
31,58
32,48
33,95
34,56
35,41
36,87
37,67
38,47
39,45
40,50
41,81
42,66
43,54
44,56
45,60
46,41
47,81
48,50
49,1552
50,57
51,52
52,53
53,63
54,53
55,49
56,52
57,40
58,39
59,67
60,36
61,37
62,71
63,54
64,52
65,48
66,73
67,84
68,66
69,47
70,77
71,47
72,74
73,55
74,51
75,73
76,51
77,44
78,82
79,58
80,69
81,44
82,60
83,49
84,80
85,78
86,59
87,58
88,57
89,45
90,51
91,67
92,54
93,57
94,47
95,61
96,67
97,3049
98,68
99,42
100,46
101,46
102,44
103,56
104,48
105,48
106,38
107,50
108,73
109,91
110,46
111,52
112,41
113,70
114,46
115,93
116,53
117,47
118,46
119,47
120,47
121,51
122,69
123,51
124,49
125,42
126,50
127,45
128,62
129,43
130,52
131,65
132,62
133,39
134,52
135,53
136,45
137,42
138,82
139,68
140,65
141,63
142,82
143,53
144,55
145,47
146,66
147,46
148,55
149,49
150,56
151,46
152,59
153,55
154,60
155,90
156,53
157,52
158,51
159,46
160,65
161,47
162,45
163,43
164,42
165,48
166,53
167,63
168,69
169,53
170,57
171,43
172,90
173,62
174,44
175,52
176,48
177,48
178,52
179,51
180,51
181,39
182,63
183,59
184,48
185,60
186,62
187,43
188,66
189,44
190,44
191,62
192,52
193,5871
194,67
195,55
196,52
197,45
198,43
199,59
200,61
201,45
202,46
203,55
204,42
205,46
206,79
207,49
208,60
209,46
210,52
211,46
212,44
213,44
214,41
215,70
216,51
217,48
218,58
219,42
220,66
221,56
222,40
223,64
224,44
225,43
226,51
227,58
228,42
229,47
230,43
231,53
232,41
233,40
234,57
235,57
236,50
237,46
238,59
239,50
240,59
241,114
242,57
243,54
244,39
245,42
246,46
247,47
248,60
249,44
250,1041
251,49
252,78
253,65
254,49
255,54
256,48
257,45
258,51
259,45
260,47
261,66
262,63
263,44
264,51
265,41
266,41
267,42
268,41
269,64
270,40
271,46
272,45
273,54
274,63
275,53
276,74
277,40
278,52
279,54
280,75
281,48
282,67
283,51
284,53
285,56
286,57
287,57
288,45
289,62
290,51
291,60
292,45
293,60
294,67
295,51
296,60
297,50
298,53
299,65
300,48
301,53
302,68
303,43
304,48
305,46
306,44
307,50
308,57
309,51
310,47
311,39
312,59
313,77
314,58
315,58
316,44
317,41
318,55
319,59
320,49
321,43
322,48
323,57
324,50
325,58
326,46
327,45
328,41
329,52
330,55
331,62
332,61
333,44
334,42
335,73
336,73
337,48
338,51
339,39
340,55
341,42
342,43
343,64
344,43
345,49
346,40
347,57
348,48
349,68
350,81
351,65
352,36
353,63
354,52
355,52
356,62
357,45
358,44
359,64
360,41
361,64
362,40
363,43
364,60
365,38
366,63
367,74
368,42
369,54
370,68
371,67
372,43
373,56
374,49
375,47
376,38
377,52
378,50
379,45
380,64
381,65
382,38
383,52
384,60
385,11590
386,66
387,44
388,59
389,50
390,51
391,53
392,51
393,64
394,44
395,43
396,43
397,52
398,56
399,60
400,56
401,42
402,56
403,36
404,91
405,53
406,48
407,49
408,65
409,48
410,46
411,66
412,48
413,58
414,49
415,35
416,36
417,40
418,44
419,40
420,40
421,58
422,40
423,42
424,54
425,59
426,41
427,49
428,49
429,53
430,54
431,64
432,48
433,43
434,69
435,61
436,55
437,57
438,78
439,46
440,40
441,52
442,85
443,53
444,58
445,56
446,70
447,66
448,54
449,61
450,47
451,67
452,61
453,54
454,48
455,58
456,57
457,41
458,43
459,63
460,44
461,44
462,43
463,56
464,43
465,65
466,71
467,55
468,53
469,41
470,58
471,48
472,54
473,51
474,62
475,53
476,56
477,62
478,177
479,56
480,39
481,53
482,44
483,46
484,60
485,68
486,46
487,52
488,45
489,43
490,62
491,53
492,59
493,44
494,43
495,58
496,55
497,39
498,41
499,50
500,59
501,59
502,54
503,42
504,61
505,50
506,54
507,41
508,48
509,45
510,57
511,66
512,55
513,40
514,54
515,54
516,46
517,49
518,48
519,52
520,48
521,64
522,39
523,65
524,62
525,46
526,62
527,66
528,42
529,56
530,44
531,52
532,65
533,59
534,52
535,68
536,47
537,43
538,43
539,45
540,58
541,37
542,61
543,51
544,65
545,60
546,79
547,66
548,71
549,50
550,77
551,71
552,74
553,75
554,98
555,47
556,65
557,38
558,53
559,71
560,51
561,34
562,90
563,42
564,59
565,52
566,50
567,57
568,45
569,51
570,47
571,44
572,62
573,46
574,53
575,52
576,69
577,52
578,62
579,66
580,56
581,54
582,52
583,70
584,45
585,41
586,64
587,45
588,55
589,46
590,63
591,49
592,54
593,54
594,40
595,53
596,38
597,36
598,65
599,45
600,40
601,53
602,46
603,74
604,51
605,50
606,39
607,68
608,71
609,50
610,58
611,67
612,50
613,42
614,43
615,61
616,42
617,49
618,45
619,78
620,63
621,44
622,68
623,50
624,61
625,45
626,47
627,39
628,57
629,81
630,58
631,50
632,42
633,44
634,61
635,37
636,50
637,48
638,51
639,42
640,58
641,54
642,65
643,58
644,49
645,68
646,43
647,52
648,60
649,53
650,65
651,54
652,40
653,67
654,80
655,45
656,42
657,73
658,43
659,42
660,167
661,71
662,87
663,67
664,38
665,77
666,67
667,46
668,63
669,40
670,65
671,59
672,47
673,64
674,51
675,47
676,41
677,41
678,72
679,55
680,82
681,75
682,67
683,75
684,47
685,46
686,41
687,46
688,54
689,45
690,42
691,73
692,38
693,45
694,70
695,71
696,44
697,42
698,46
699,45
700,44
701,47
702,74
703,38
704,43
705,48
706,45
707,48
708,47
709,41
710,41
711,90
712,71
713,38
714,47
715,83
716,68
717,49
718,78
719,65
720,41
721,43
722,72
723,42
724,41
725,49
726,38
727,79
728,76
729,103
730,46
731,99
732,101
733,69
734,42
735,58
736,85
737,74
738,56
739,62
740,77
741,40
742,87
743,60
744,46
745,47
746,40
747,145
748,52
749,58
750,40
751,49
752,73
753,41
754,71
755,56
756,40
757,79
758,57
759,73
760,60
761,95
762,59
763,56
764,82
765,75
766,71
767,57
768,64
769,27892
770,64
771,46
772,50
773,51
774,70
775,66
776,67
777,71
778,44
779,61
780,49
781,40
782,64
783,42
784,47
785,43
786,44
787,45
788,41
789,67
790,41
791,54
792,53
793,58
794,58
795,70
796,63
797,45
798,64
799,50
800,70
801,42
802,51
803,94
804,74
805,42
806,50
807,56
808,45
809,46
810,56
811,70
812,49
813,78
814,49
815,39
816,43
817,57
818,55
819,62
820,83
821,79
822,46
823,41
824,44
825,46
826,61
827,47
828,35
829,51
830,58
831,54
832,39
833,53
834,71
835,70
836,70
837,81
838,70
839,49
840,61
841,43
842,48
843,45
844,46
845,76
846,46
847,53
848,52
849,48
850,81
851,73
852,55
853,77
854,49
855,42
856,49
857,63
858,55
859,65
860,58
861,47
862,67
863,42
864,64
865,67
866,43
867,59
868,40
869,63
870,68
871,49
872,50
873,75
874,51
875,38
876,42
877,40
878,40
879,43
880,76
881,82
882,61
883,54
884,62
885,49
886,46
887,46
888,43
889,48
890,59
891,71
892,49
893,55
894,78
895,43
896,52
897,52
898,47
899,54
900,42
901,44
902,62
903,52
904,50
905,42
906,43
907,53
908,42
909,45
910,41
911,69
912,41
913,43
914,45
915,43
916,69
917,55
918,55
919,44
920,40
921,68
922,60
923,70
924,82
925,65
926,50
927,93
928,51
929,78
930,55
931,69
932,74
933,42
934,47
935,45
936,44
937,46
938,61
939,74
940,62
941,36
942,53
943,50
944,72
945,168
946,71
947,52
948,45
949,45
950,46
951,49
952,61
953,46
954,46
955,56
956,73
957,89
958,72
959,54
960,100
961,75
962,45
963,46
964,92
965,44
966,114
967,103
968,56
969,43
970,56
971,79
972,58
973,49
974,40
975,45
976,42
977,43
978,102
979,43
980,73
981,67
982,93
983,45
984,48
985,52
986,96
987,90
988,47
989,76
990,54
991,55
992,54
993,49
994,66
995,39
996,52
997,79
998,47
999,90
1000,82
1001,59
1002,51
1003,107
1004,51
1005,69
1006,43
1007,40
1008,80
1009,51
1010,42
1011,83
1012,52
1013,52
1014,42
1015,89
1016,79
1017,90
1018,101
1019,64
1020,52
1021,76
1022,62
1023,47
1024,90
1025,61
1026,71
1027,77
1028,56
1029,50
1030,54
1031,56
1032,42
1033,36
1034,42
1035,83
1036,95
1037,94
1038,77
1039,64
1040,50
1041,95
1042,107
1043,53
1044,93
1045,84
1046,101
1047,51
1048,81
1049,56
1050,73
1051,40
1052,46
1053,41
1054,116
1055,47
1056,101
1057,57
1058,64
1059,47
1060,71
1061,80
1062,55
1063,52
1064,45
1065,87
1066,58
1067,96
1068,88
1069,71
1070,48
1071,50
1072,106
1073,42
1074,95
1075,49
1076,88
1077,62
1078,98
1079,63
1080,82
1081,80
1082,44
1083,50
1084,92
1085,52
1086,85
1087,90
1088,41
1089,79
1090,51
1091,46
1092,101
1093,39
1094,46
1095,44
1096,84
1097,58
1098,80
1099,99
1100,91
1101,43
1102,72
1103,38
1104,44
1105,49
1106,40
1107,50
1108,53
1109,39
1110,42
1111,57
1112,104
1113,95
1114,48
1115,97
1116,43
1117,57
1118,46
1119,55
1120,54
1121,47
1122,118
1123,60
1124,56
1125,49
1126,89
1127,109
1128,108
1129,134
1130,37
1131,41
1132,59
1133,50
1134,43
1135,78
1136,46
1137,69
1138,79
1139,72
1140,85
1141,39
1142,47
1143,41
1144,41
1145,88
1146,46
1147,44
1148,54
1149,84
1150,64
1151,38
1152,46
1153,82
1154,51
1155,48
1156,48
1157,85
1158,43
1159,46
1160,58
1161,52
1162,86
1163,41
1164,62
1165,85
1166,71
1167,57
1168,50
1169,43
1170,126
1171,83
1172,66
1173,90
1174,92
1175,172
1176,81
1177,44
1178,78
1179,113
1180,44
1181,46
1182,90
1183,40
1184,112
1185,90
1186,60
1187,46
1188,74
1189,82
1190,47
1191,47
1192,41
1193,48
1194,40
1195,49
1196,76
1197,45
1198,73
1199,38
1200,51
1201,50
1202,47
1203,41
1204,52
1205,64
1206,90
1207,44
1208,40
1209,95
1210,42
1211,55
1212,84
1213,51
1214,50
1215,57
1216,79
1217,52
1218,109
1219,72
1220,101
1221,44
1222,51
1223,92
1224,86
1225,59
1226,89
1227,100
1228,90
1229,110
1230,41
1231,60
1232,88
1233,43
1234,56
1235,60
1236,50
1237,99
1238,81
1239,47
1240,58
1241,38
1242,84
1243,51
1244,51
1245,39
1246,80
1247,110
1248,41
1249,44
1250,39
1251,59
1252,95
1253,99
1254,47
1255,46
1256,40
1257,64
1258,56
1259,87
1260,41
1261,101
1262,43
1263,52
1264,36
1265,70
1266,85
1267,43
1268,41
1269,40
1270,44
1271,46
1272,110
1273,84
1274,37
1275,81
1276,47
1277,57
1278,43
1279,90
1280,56
1281,47
1282,136
1283,52
1284,40
1285,51
1286,90
1287,101
1288,56
1289,60
1290,77
1291,76
1292,43
1293,51
1294,105
1295,117
1296,46
1297,41
1298,44
1299,59
1300,53
1301,40
1302,92
1303,104
1304,90
1305,58
1306,102
1307,81
1308,90
1309,96
1310,62
1311,69
1312,97
1313,47
1314,99
1315,48
1316,60
1317,46
1318,82
1319,92
1320,75
1321,54
1322,51
1323,46
1324,94
1325,76
1326,47
1327,61
1328,44
1329,47
1330,115
1331,41
1332,115
1333,94
1334,62
1335,59
1336,98
1337,56
1338,125
1339,59
1340,106
1341,63
1342,47
1343,39
1344,54
1345,76
1346,54
1347,64
1348,56
1349,47
1350,83
1351,87
1352,111
1353,59
1354,42
1355,47
1356,44
1357,45
1358,40
1359,105
1360,94
1361,80
1362,53
1363,82
1364,56
1365,87
1366,41
1367,91
1368,80
1369,76
1370,81
1371,58
1372,45
1373,42
1374,43
1375,55
1376,86
1377,51
1378,98
1379,68
1380,46
1381,45
1382,44
1383,47
1384,41
1385,110
1386,41
1387,57
1388,48
1389,54
1390,131
1391,58
1392,40
1393,93
1394,39
1395,41
1396,129
1397,99
1398,94
1399,64
1400,44
1401,95
1402,46
1403,85
1404,104
1405,117
1406,44
1407,41
1408,42
1409,129
1410,37
1411,61
1412,45
1413,70
1414,46
1415,52
1416,89
1417,76
1418,44
1419,96
1420,91
1421,45
1422,90
1423,61
1424,87
1425,52
1426,98
1427,79
1428,61
1429,43
1430,96
1431,58
1432,52
1433,42
1434,80
1435,57
1436,65
1437,115
1438,39
1439,57
1440,73
1441,42
1442,83
1443,59
1444,68
1445,67
1446,55
1447,58
1448,49
1449,55
1450,54
1451,62
1452,105
1453,72
1454,67
1455,52
1456,104
1457,105
1458,59
1459,111
1460,83
1461,55
1462,61
1463,46
1464,53
1465,52
1466,63
1467,47
1468,100
1469,88
1470,101
1471,97
1472,43
1473,65
1474,91
1475,49
1476,42
1477,42
1478,63
1479,160
1480,112
1481,102
1482,105
1483,61
1484,59
1485,78
1486,57
1487,94
1488,100
1489,102
1490,76
1491,101
1492,68
1493,101
1494,62
1495,53
1496,47
1497,89
1498,59
1499,50
1500,58
1501,57
1502,40
1503,53
1504,85
1505,46
1506,58
1507,116
1508,79
1509,70
1510,89
1511,57
1512,56
1513,49
1514,74
1515,63
1516,118
1517,87
1518,58
1519,50
1520,75
1521,51
1522,101
1523,98
1524,58
1525,50
1526,82
1527,51
1528,95
1529,58
1530,62
1531,44
1532,229
1533,59
1534,52
1535,102
1536,88
1537,63294
1538,69
1539,64
1540,86
1541,49
1542,67
1543,66
1544,62
1545,64
1546,59
1547,85
1548,60
1549,46
1550,50
1551,48
1552,66
1553,92
1554,71
1555,53
1556,89
1557,54
1558,57
1559,55
1560,64
1561,49
1562,44
1563,45
1564,53
1565,80
1566,46
1567,52
1568,88
1569,60
1570,72
1571,63
1572,52
1573,41
1574,49
1575,100
1576,83
1577,40
1578,54
1579,70
1580,41
1581,43
1582,69
1583,89
1584,92
1585,69
1586,60
1587,54
1588,47
1589,48
1590,63
1591,39
1592,81
1593,46
1594,82
1595,40
1596,54
1597,50
1598,46
1599,57
1600,50
1601,81
1602,81
1603,44
1604,52
1605,47
1606,44
1607,53
1608,40
1609,115
1610,62
1611,48
1612,45
1613,49
1614,54
1615,63
1616,60
1617,47
1618,93
1619,57
1620,99
1621,48
1622,46
1623,41
1624,52
1625,67
1626,73
1627,60
1628,48
1629,42
1630,50
1631,74
1632,50
1633,71
1634,65
1635,100
1636,63
1637,60
1638,47
1639,98
1640,57
1641,62
1642,84
1643,55
1644,69
1645,41
1646,85
1647,83
1648,38
1649,51
1650,77
1651,46
1652,57
1653,47
1654,45
1655,43
1656,77
1657,175
1658,42
1659,77
1660,48
1661,88
1662,53
1663,53
1664,78
1665,57
1666,54
1667,82
1668,99
1669,62
1670,58
1671,46
1672,99
1673,48
1674,42
1675,50
1676,77
1677,51
1678,74
1679,50
1680,58
1681,51
1682,49
1683,45
1684,49
1685,52
1686,42
1687,42
1688,39
1689,42
1690,54
1691,46
1692,70
1693,46
1694,52
1695,48
1696,96
1697,41
1698,43
1699,64
1700,44
1701,41
1702,48
1703,55
1704,40
1705,40
1706,81
1707,69
1708,56
1709,77
1710,62
1711,42
1712,54
1713,80
1714,64
1715,53
1716,52
1717,43
1718,84
1719,58
1720,49
1721,37
1722,49
1723,145
1724,50
1725,91
1726,45
1727,84
1728,89
1729,50
1730,48
1731,61
1732,92
1733,86
1734,86
1735,43
1736,57
1737,54
1738,54
1739,60
1740,81
1741,98
1742,45
1743,85
1744,61
1745,44
1746,45
1747,47
1748,83
1749,46
1750,49
1751,39
1752,58
1753,83
1754,48
1755,74
1756,44
1757,42
1758,44
1759,52
1760,58
1761,67
1762,46
1763,49
1764,89
1765,81
1766,73
1767,84
1768,42
1769,86
1770,45
1771,76
1772,96
1773,42
1774,67
1775,54
1776,41
1777,77
1778,51
1779,90
1780,48
1781,51
1782,52
1783,90
1784,40
1785,45
1786,79
1787,56
1788,66
1789,81
1790,50
1791,78
1792,51
1793,59
1794,47
1795,39
1796,65
1797,46
1798,74
1799,85
1800,40
1801,67
1802,71
1803,62
1804,41
1805,42
1806,68
1807,75
1808,54
1809,44
1810,43
1811,40
1812,41
1813,53
1814,50
1815,44
1816,44
1817,44
1818,61
1819,61
1820,77
1821,107
1822,45
1823,94
1824,38
1825,93
1826,50
1827,100
1828,43
1829,43
1830,48
1831,82
1832,88
1833,79
1834,45
1835,55
1836,48
1837,41
1838,103
1839,61
1840,70
1841,58
1842,46
1843,49
1844,45
1845,58
1846,46
1847,41
1848,41
1849,85
1850,43
1851,45
1852,89
1853,64
1854,41
1855,85
1856,57
1857,44
1858,47
1859,41
1860,38
1861,49
1862,86
1863,89
1864,46
1865,47
1866,44
1867,45
1868,60
1869,53
1870,89
1871,47
1872,67
1873,45
1874,48
1875,56
1876,69
1877,38
1878,58
1879,45
1880,96
1881,53
1882,73
1883,44
1884,52
1885,55
1886,90
1887,55
1888,52
1889,41
1890,53
1891,88
1892,105
1893,69
1894,83
1895,51
1896,51
1897,48
1898,76
1899,43
1900,59
1901,40
1902,48
1903,89
1904,53
1905,42
1906,50
1907,40
1908,41
1909,53
1910,53
1911,71
1912,48
1913,84
1914,94
1915,39
1916,40
1917,47
1918,39
1919,47
1920,50
1921,38
1922,47
1923,50
1924,42
1925,43
1926,48
1927,39
1928,81
1929,46
1930,60
1931,43
1932,47
1933,76
1934,49
1935,97
1936,108
1937,47
1938,118
1939,54
1940,47
1941,51
1942,52
1943,50
1944,102
1945,70
1946,48
1947,97
1948,109
1949,46
1950,54
1951,69
1952,52
1953,88
1954,60
1955,94
1956,98
1957,49
1958,39
1959,49
1960,86
1961,47
1962,48
1963,44
1964,99
1965,57
1966,126
1967,48
1968,52
1969,80
1970,49
1971,36
1972,45
1973,51
1974,73
1975,105
1976,63
1977,93
1978,46
1979,81
1980,82
1981,51
1982,93
1983,45
1984,53
1985,90
1986,82
1987,42
1988,37
1989,60
1990,42
1991,37
1992,47
1993,57
1994,95
1995,100
1996,55
1997,44
1998,78
1999,48
2000,46
2001,74
2002,48
2003,55
2004,45
2005,49
2006,100
2007,93
2008,45
2009,84
2010,49
2011,49
2012,50
2013,56
2014,51
2015,46
2016,52
2017,86
2018,53
2019,42
2020,39
2021,92
2022,46
2023,49
2024,108
2025,46
2026,38
2027,54
2028,44
2029,56
2030,45
2031,44
2032,90
2033,98
2034,50
2035,88
2036,107
2037,47
2038,54
2039,41
2040,53
2041,100
2042,116
2043,44
2044,91
2045,58
2046,102
2047,84
2048,104
2049,90
2050,92
2051,46
2052,91
2053,120
2054,51
2055,90
2056,53
2057,56
2058,138
2059,39
2060,85
2061,46
2062,48
2063,74
2064,123
2065,49
2066,56
2067,44
2068,43
2069,46
2070,66
2071,93
2072,99
2073,91
2074,42
2075,47
2076,68
2077,44
2078,49
2079,42
2080,76
2081,44
2082,57
2083,50
2084,77
2085,62
2086,102
2087,42
2088,46
2089,56
2090,77
2091,52
2092,54
2093,44
2094,54
2095,50
2096,46
2097,49
2098,46
2099,46
2100,53
2101,43
2102,51
2103,47
2104,75
2105,39
2106,40
2107,111
2108,96
2109,119
2110,63
2111,79
2112,41
2113,52
2114,66
2115,45
2116,52
2117,37
2118,78
2119,94
2120,92
2121,53
2122,48
2123,87
2124,44
2125,91
2126,38
2127,103
2128,103
2129,39
2130,90
2131,39
2132,57
2133,48
2134,45
2135,52
2136,39
2137,85
2138,83
2139,63
2140,51
2141,46
2142,81
2143,42
2144,44
2145,42
2146,43
2147,106
2148,93
2149,51
2150,49
2151,41
2152,39
2153,94
2154,43
2155,49
2156,43
2157,44
2158,60
2159,35
2160,83
2161,87
2162,91
2163,46
2164,52
2165,41
2166,52
2167,46
2168,49
2169,54
2170,76
2171,39
2172,69
2173,53
2174,53
2175,45
2176,45
2177,99
2178,54
2179,57
2180,50
2181,84
2182,108
2183,53
2184,85
2185,90
2186,98
2187,52
2188,90
2189,88
2190,92
2191,65
2192,46
2193,40
2194,64
2195,93
2196,41
2197,44
2198,43
2199,43
2200,80
2201,40
2202,51
2203,44
2204,92
2205,80
2206,85
2207,61
2208,56
2209,46
2210,97
2211,111
2212,97
2213,54
2214,59
2215,100
2216,51
2217,121
2218,84
2219,39
2220,55
2221,47
2222,107
2223,78
2224,46
2225,55
2226,41
2227,52
2228,79
2229,87
2230,113
2231,63
2232,46
2233,90
2234,51
2235,89
2236,97
2237,104
2238,94
2239,92
2240,61
2241,66
2242,39
2243,43
2244,64
2245,49
2246,65
2247,39
2248,40
2249,85
2250,37
2251,46
2252,87
2253,105
2254,39
2255,44
2256,88
2257,111
2258,43
2259,78
2260,45
2261,51
2262,85
2263,53
2264,89
2265,73
2266,88
2267,59
2268,38
2269,47
2270,103
2271,78
2272,64
2273,47
2274,48
2275,49
2276,54
2277,38
2278,47
2279,83
2280,41
2281,82
2282,70
2283,83
2284,83
2285,47
2286,47
2287,51
2288,103
2289,100
2290,98
2291,90
2292,80
2293,58
2294,53
2295,42
2296,74
2297,53
2298,97
2299,59
2300,48
2301,41
2302,53
2303,44
2304,53
2305,109
2306,62
2307,97
2308,51
2309,51
2310,37
2311,61
2312,54
2313,34
2314,50
2315,89
2316,43
2317,41
2318,85
2319,54
2320,43
2321,102
2322,55
2323,50
2324,56
2325,51
2326,44
2327,87
2328,93
2329,84
2330,46
2331,54
2332,55
2333,43
2334,106
2335,91
2336,51
2337,73
2338,43
2339,117
2340,45
2341,40
2342,101
2343,50
2344,83
2345,46
2346,48
2347,81
2348,99
2349,79
2350,83
2351,49
2352,89
2353,111
2354,95
2355,55
2356,57
2357,60
2358,45
2359,91
2360,45
2361,54
2362,41
2363,80
2364,109
2365,46
2366,81
2367,113
2368,45
2369,42
2370,57
2371,90
2372,62
2373,85
2374,50
2375,56
2376,97
2377,97
2378,56
2379,46
2380,55
2381,58
2382,91
2383,41
2384,92
2385,58
2386,48
2387,94
2388,43
2389,95
2390,96
2391,59
2392,82
2393,36
2394,52
2395,64
2396,48
2397,41
2398,114
2399,68
2400,44
2401,46
2402,45
2403,78
2404,54
2405,46
2406,42
2407,42
2408,82
2409,46
2410,90
2411,47
2412,87
2413,87
2414,47
2415,93
2416,89
2417,40
2418,44
2419,71
2420,45
2421,90
2422,66
2423,45
2424,55
2425,48
2426,99
2427,84
2428,37
2429,54
2430,136
2431,107
2432,90
2433,78
2434,63
2435,60
2436,81
2437,72
2438,67
2439,110
2440,60
2441,55
2442,44
2443,45
2444,50
2445,40
2446,79
2447,59
2448,41
2449,81
2450,43
2451,57
2452,43
2453,49
2454,44
2455,64
2456,112
2457,52
2458,37
2459,43
2460,93
2461,54
2462,66
2463,79
2464,48
2465,109
2466,93
2467,59
2468,52
2469,59
2470,54
2471,49
2472,50
2473,44
2474,84
2475,54
2476,37
2477,53
2478,216
2479,104
2480,51
2481,64
2482,52
2483,40
2484,104
2485,47
2486,113
2487,80
2488,95
2489,104
2490,68
2491,98
2492,46
2493,94
2494,89
2495,49
2496,46
2497,88
2498,95
2499,113
2500,87
2501,58
2502,38
2503,85
2504,61
2505,50
2506,98
2507,38
2508,54
2509,62
2510,51
2511,81
2512,111
2513,51
2514,86
2515,62
2516,57
2517,47
2518,52
2519,56
2520,43
2521,103
2522,47
2523,41
2524,41
2525,52
2526,74
2527,44
2528,90
2529,89
2530,119
2531,109
2532,110
2533,92
2534,89
2535,50
2536,53
2537,46
2538,81
2539,90
2540,102
2541,49
2542,57
2543,47
2544,45
2545,58
2546,105
2547,55
2548,46
2549,62
2550,57
2551,108
2552,81
2553,71
2554,51
2555,98
2556,49
2557,46
2558,40
2559,93
2560,44
2561,47
2562,44
2563,66
2564,89
2565,53
2566,88
2567,89
2568,48
2569,86
2570,60
2571,43
2572,49
2573,50
2574,87
2575,45
2576,48
2577,90
2578,87
2579,103
2580,55
2581,88
2582,129
2583,45
2584,58
2585,97
2586,97
2587,43
2588,95
2589,94
2590,50
2591,90
2592,72
2593,49
2594,47
2595,118
2596,108
2597,82
2598,46
2599,46
2600,57
2601,42
2602,48
2603,39
2604,41
2605,96
2606,61
2607,72
2608,61
2609,50
2610,105
2611,97
2612,52
2613,69
2614,46
2615,52
2616,54
2617,88
2618,91
2619,93
2620,41
2621,91
2622,48
2623,79
2624,91
2625,108
2626,61
2627,93
2628,54
2629,87
2630,50
2631,82
2632,59
2633,93
2634,60
2635,106
2636,82
2637,82
2638,117
2639,62
2640,111
2641,91
2642,61
2643,59
2644,94
2645,113
2646,64
2647,47
2648,55
2649,49
2650,90
2651,97
2652,55
2653,94
2654,51
2655,43
2656,67
2657,46
2658,95
2659,102
2660,62
2661,52
2662,52
2663,93
2664,83
2665,98
2666,52
2667,67
2668,48
2669,67
2670,101
2671,82
2672,54
2673,82
2674,47
2675,40
2676,113
2677,55
2678,49
2679,76
2680,54
2681,59
2682,97
2683,108
2684,60
2685,53
2686,101
2687,53
2688,113
2689,56
2690,54
2691,89
2692,50
2693,99
2694,46
2695,44
2696,58
2697,99
2698,50
2699,79
2700,86
2701,95
2702,50
2703,57
2704,49
2705,54
2706,49
2707,52
2708,45
2709,55
2710,87
2711,83
2712,94
2713,95
2714,56
2715,95
2716,51
2717,113
2718,51
2719,60
2720,84
2721,47
2722,52
2723,84
2724,105
2725,52
2726,42
2727,90
2728,46
2729,57
2730,72
2731,77
2732,52
2733,84
2734,105
2735,71
2736,88
2737,83
2738,66
2739,65
2740,42
2741,60
2742,86
2743,89
2744,64
2745,45
2746,50
2747,47
2748,83
2749,44
2750,79
2751,59
2752,50
2753,94
2754,82
2755,80
2756,112
2757,65
2758,45
2759,48
2760,42
2761,90
2762,95
2763,109
2764,68
2765,50
2766,81
2767,96
2768,50
2769,81
2770,64
2771,69
2772,51
2773,84
2774,65
2775,60
2776,50
2777,103
2778,105
2779,46
2780,47
2781,38
2782,51
2783,39
2784,48
2785,43
2786,59
2787,114
2788,98
2789,89
2790,117
2791,83
2792,40
2793,43
2794,51
2795,60
2796,60
2797,101
2798,84
2799,102
2800,50
2801,45
2802,107
2803,78
2804,47
2805,94
2806,39
2807,64
2808,55
2809,43
2810,57
2811,50
2812,48
2813,49
2814,83
2815,94
2816,67
2817,58
2818,55
2819,51
2820,89
2821,59
2822,105
2823,44
2824,51
2825,62
2826,38
2827,48
2828,109
2829,107
2830,88
2831,99
2832,80
2833,106
2834,38
2835,75
2836,44
2837,62
2838,88
2839,92
2840,62
2841,62
2842,88
2843,62
2844,55
2845,96
2846,223
2847,44
2848,61
2849,68
2850,46
2851,87
2852,84
2853,66
2854,108
2855,64
2856,58
2857,50
2858,59
2859,51
2860,89
2861,56
2862,89
2863,57
2864,103
2865,44
2866,48
2867,103
2868,87
2869,53
2870,90
2871,99
2872,91
2873,81
2874,80
2875,44
2876,98
2877,67
2878,86
2879,110
2880,101
2881,58
2882,51
2883,51
2884,87
2885,56
2886,57
2887,59
2888,42
2889,103
2890,71
2891,53
2892,70
2893,49
2894,127
2895,101
2896,100
2897,47
2898,57
2899,92
2900,115
2901,48
2902,52
2903,66
2904,93
2905,118
2906,48
2907,56
2908,94
2909,100
2910,54
2911,67
2912,44
2913,97
2914,108
2915,123
2916,121
2917,80
2918,47
2919,103
2920,128
2921,87
2922,86
2923,47
2924,53
2925,53
2926,155
2927,93
2928,63
2929,52
2930,51
2931,60
2932,82
2933,82
2934,95
2935,64
2936,110
2937,102
2938,109
2939,98
2940,116
2941,97
2942,59
2943,83
2944,106
2945,70
2946,80
2947,51
2948,42
2949,106
2950,54
2951,88
2952,40
2953,57
2954,61
2955,63
2956,110
2957,133
2958,119
2959,54
2960,81
2961,90
2962,107
2963,73
2964,95
2965,94
2966,106
2967,54
2968,75
2969,100
2970,109
2971,62
2972,55
2973,56
2974,52
2975,58
2976,57
2977,48
2978,63
2979,70
2980,43
2981,112
2982,51
2983,56
2984,55
2985,60
2986,106
2987,51
2988,58
2989,91
2990,42
2991,49
2992,41
2993,91
2994,93
2995,54
2996,46
2997,95
2998,48
2999,51
3000,45
3001,53
3002,110
3003,41
3004,74
3005,119
3006,86
3007,61
3008,70
3009,130
3010,93
3011,58
3012,82
3013,108
3014,54
3015,39
3016,52
3017,56
3018,66
3019,98
3020,80
3021,50
3022,91
3023,55
3024,102
3025,145
3026,43
3027,83
3028,103
3029,43
3030,72
3031,47
3032,66
3033,56
3034,108
3035,52
3036,49
3037,106
3038,112
3039,97
3040,93
3041,79
3042,101
3043,67
3044,69
3045,142
3046,69
3047,43
3048,41
3049,82
3050,86
3051,108
3052,133
3053,75
3054,63
3055,114
3056,56
3057,60
3058,51
3059,101
3060,109
3061,94
3062,99
3063,114
3064,53
3065,78
3066,72
3067,128
3068,116
3069,95
3070,76
3071,50
3072,55
3073,139157
3074,79
3075,71
3076,84
3077,64
3078,87
3079,88
3080,107
3081,74
3082,57
3083,55
3084,62
3085,95
3086,55
3087,93
3088,52
3089,67
3090,56
3091,60
3092,90
3093,84
3094,68
3095,53
3096,111
3097,63
3098,50
3099,59
3100,65
3101,109
3102,51
3103,62
3104,58
3105,57
3106,84
3107,76
3108,64
3109,117
3110,101
3111,120
3112,55
3113,100
3114,60
3115,128
3116,48
3117,105
3118,50
3119,47
3120,43
3121,49
3122,48
3123,54
3124,77
3125,48
3126,47
3127,62
3128,102
3129,58
3130,57
3131,91
3132,105
3133,93
3134,53
3135,65
3136,62
3137,65
3138,66
3139,64
3140,76
3141,91
3142,101
3143,54
3144,70
3145,48
3146,75
3147,80
3148,47
3149,50
3150,57
3151,71
3152,55
3153,46
3154,59
3155,63
3156,52
3157,49
3158,52
3159,82
3160,45
3161,49
3162,57
3163,85
3164,95
3165,57
3166,46
3167,59
3168,97
3169,59
3170,63
3171,95
3172,99
3173,47
3174,52
3175,46
3176,93
3177,65
3178,50
3179,53
3180,54
3181,98
3182,96
3183,57
3184,118
3185,52
3186,91
3187,60
3188,47
3189,62
3190,40
3191,49
3192,53
3193,111
3194,52
3195,65
3196,71
3197,47
3198,91
3199,100
3200,46
3201,102
3202,70
3203,99
3204,52
3205,53
3206,87
3207,59
3208,46
3209,52
3210,50
3211,42
3212,118
3213,54
3214,92
3215,57
3216,42
3217,44
3218,41
3219,93
3220,56
3221,49
3222,48
3223,45
3224,52
3225,107
3226,77
3227,85
3228,47
3229,46
3230,79
3231,43
3232,54
3233,46
3234,49
3235,48
3236,80
3237,50
3238,98
3239,79
3240,55
3241,50
3242,48
3243,99
3244,44
3245,64
3246,94
3247,54
3248,101
3249,57
3250,100
3251,54
3252,51
3253,101
3254,94
3255,51
3256,63
3257,93
3258,108
3259,86
3260,99
3261,61
3262,76
3263,50
3264,89
3265,40
3266,68
3267,52
3268,91
3269,44
3270,87
3271,54
3272,46
3273,64
3274,51
3275,48
3276,54
3277,46
3278,47
3279,89
3280,78
3281,81
3282,103
3283,43
3284,49
3285,55
3286,66
3287,54
3288,58
3289,54
3290,52
3291,49
3292,49
3293,110
3294,91
3295,92
3296,65
3297,54
3298,45
3299,46
3300,84
3301,57
3302,43
3303,53
3304,52
3305,47
3306,48
3307,46
3308,67
3309,84
3310,120
3311,50
3312,78
3313,50
3314,55
3315,44
3316,90
3317,81
3318,50
3319,103
3320,177
3321,50
3322,93
3323,106
3324,56
3325,90
3326,47
3327,56
3328,81
3329,64
3330,47
3331,67
3332,97
3333,70
3334,81
3335,48
3336,69
3337,95
3338,83
3339,85
3340,54
3341,39
3342,58
3343,46
3344,64
3345,69
3346,48
3347,57
3348,49
3349,48
3350,52
3351,70
3352,78
3353,107
3354,58
3355,49
3356,41
3357,90
3358,169
3359,49
3360,42
3361,53
3362,81
3363,98
3364,52
3365,45
3366,40
3367,46
3368,98
3369,90
3370,95
3371,61
3372,106
3373,110
3374,47
3375,57
3376,45
3377,57
3378,87
3379,72
3380,99
3381,49
3382,45
3383,44
3384,47
3385,52
3386,66
3387,56
3388,61
3389,44
3390,96
3391,99
3392,86
3393,84
3394,55
3395,84
3396,93
3397,62
3398,48
3399,45
3400,48
3401,100
3402,53
3403,57
3404,56
3405,89
3406,49
3407,51
3408,43
3409,39
3410,78
3411,67
3412,59
3413,50
3414,92
3415,104
3416,46
3417,55
3418,50
3419,56
3420,49
3421,50
3422,110
3423,71
3424,98
3425,47
3426,83
3427,46
3428,46
3429,53
3430,107
3431,101
3432,96
3433,47
3434,52
3435,104
3436,121
3437,95
3438,61
3439,37
3440,90
3441,66
3442,54
3443,45
3444,41
3445,49
3446,42
3447,94
3448,79
3449,91
3450,50
3451,72
3452,48
3453,48
3454,50
3455,48
3456,42
3457,76
3458,43
3459,48
3460,99
3461,53
3462,53
3463,70
3464,56
3465,48
3466,55
3467,64
3468,48
3469,90
3470,39
3471,50
3472,100
3473,51
3474,86
3475,48
3476,49
3477,47
3478,88
3479,47
3480,49
3481,47
3482,47
3483,42
3484,95
3485,41
3486,48
3487,81
3488,104
3489,44
3490,47
3491,45
3492,45
3493,50
3494,70
3495,52
3496,48
3497,109
3498,73
3499,87
3500,113
3501,49
3502,51
3503,37
3504,42
3505,47
3506,89
3507,89
3508,62
3509,85
3510,101
3511,67
3512,49
3513,48
3514,88
3515,85
3516,84
3517,107
3518,48
3519,53
3520,50
3521,86
3522,74
3523,64
3524,54
3525,49
3526,43
3527,45
3528,95
3529,55
3530,47
3531,61
3532,48
3533,50
3534,44
3535,53
3536,51
3537,44
3538,83
3539,47
3540,101
3541,49
3542,51
3543,56
3544,52
3545,65
3546,40
3547,44
3548,44
3549,96
3550,44
3551,102
3552,45
3553,49
3554,102
3555,51
3556,127
3557,92
3558,87
3559,48
3560,60
3561,94
3562,54
3563,44
3564,66
3565,100
3566,54
3567,101
3568,101
3569,46
3570,105
3571,42
3572,88
3573,65
3574,49
3575,48
3576,44
3577,54
3578,49
3579,57
3580,94
3581,46
3582,54
3583,39
3584,42
3585,105
3586,101
3587,106
3588,85
3589,47
3590,50
3591,92
3592,43
3593,110
3594,49
3595,109
3596,40
3597,90
3598,37
3599,42
3600,121
3601,52
3602,46
3603,46
3604,51
3605,44
3606,58
3607,44
3608,95
3609,50
3610,86
3611,53
3612,57
3613,58
3614,47
3615,53
3616,101
3617,90
3618,82
3619,106
3620,39
3621,87
3622,50
3623,43
3624,49
3625,43
3626,48
3627,43
3628,96
3629,46
3630,50
3631,40
3632,57
3633,99
3634,68
3635,48
3636,53
3637,50
3638,48
3639,44
3640,85
3641,37
3642,100
3643,64
3644,102
3645,51
3646,54
3647,44
3648,60
3649,46
3650,97
3651,79
3652,43
3653,55
3654,45
3655,52
3656,51
3657,88
3658,84
3659,60
3660,48
3661,82
3662,53
3663,48
3664,47
3665,188
3666,39
3667,60
3668,55
3669,43
3670,103
3671,39
3672,51
3673,102
3674,47
3675,103
3676,44
3677,65
3678,49
3679,46
3680,71
3681,49
3682,45
3683,49
3684,46
3685,47
3686,59
3687,45
3688,55
3689,54
3690,43
3691,52
3692,42
3693,92
3694,118
3695,48
3696,57
3697,46
3698,58
3699,57
3700,50
3701,94
3702,53
3703,38
3704,108
3705,48
3706,94
3707,57
3708,54
3709,81
3710,101
3711,66
3712,43
3713,95
3714,50
3715,98
3716,91
3717,53
3718,50
3719,45
3720,86
3721,67
3722,43
3723,45
3724,42
3725,69
3726,60
3727,82
3728,43
3729,42
3730,61
3731,51
3732,95
3733,103
3734,48
3735,47
3736,108
3737,46
3738,48
3739,46
3740,43
3741,48
3742,82
3743,97
3744,102
3745,96
3746,55
3747,51
3748,42
3749,42
3750,47
3751,100
3752,42
3753,54
3754,90
3755,50
3756,48
3757,42
3758,104
3759,89
3760,98
3761,98
3762,100
3763,105
3764,51
3765,55
3766,101
3767,57
3768,57
3769,43
3770,93
3771,47
3772,98
3773,158
3774,57
3775,91
3776,59
3777,62
3778,53
3779,40
3780,43
3781,88
3782,110
3783,48
3784,50
3785,47
3786,46
3787,41
3788,51
3789,84
3790,58
3791,46
3792,58
3793,51
3794,47
3795,94
3796,47
3797,57
3798,101
3799,71
3800,66
3801,80
3802,47
3803,51
3804,140
3805,99
3806,50
3807,41
3808,59
3809,47
3810,49
3811,86
3812,51
3813,115
3814,54
3815,105
3816,54
3817,75
3818,49
3819,50
3820,46
3821,96
3822,92
3823,49
3824,54
3825,83
3826,98
3827,48
3828,49
3829,42
3830,51
3831,51
3832,58
3833,69
3834,100
3835,64
3836,102
3837,56
3838,48
3839,56
3840,61
3841,98
3842,50
3843,77
3844,72
3845,67
3846,54
3847,59
3848,89
3849,59
3850,52
3851,57
3852,50
3853,50
3854,56
3855,70
3856,98
3857,100
3858,58
3859,53
3860,46
3861,116
3862,87
3863,47
3864,98
3865,48
3866,98
3867,47
3868,56
3869,151
3870,39
3871,57
3872,55
3873,53
3874,101
3875,42
3876,106
3877,55
3878,45
3879,62
3880,46
3881,54
3882,110
3883,98
3884,54
3885,49
3886,59
3887,96
3888,97
3889,55
3890,52
3891,106
3892,110
3893,105
3894,98
3895,58
3896,55
3897,90
3898,54
3899,48
3900,53
3901,57
3902,47
3903,42
3904,52
3905,64
3906,95
3907,87
3908,99
3909,46
3910,60
3911,58
3912,103
3913,48
3914,84
3915,101
3916,107
3917,67
3918,127
3919,57
3920,50
3921,93
3922,56
3923,90
3924,70
3925,96
3926,59
3927,43
3928,44
3929,64
3930,46
3931,55
3932,116
3933,50
3934,98
3935,41
3936,115
3937,51
3938,63
3939,55
3940,43
3941,57
3942,110
3943,95
3944,100
3945,52
3946,94
3947,60
3948,56
3949,47
3950,52
3951,48
3952,50
3953,70
3954,52
3955,50
3956,49
3957,50
3958,49
3959,41
3960,107
3961,101
3962,84
3963,52
3964,51
3965,115
3966,47
3967,53
3968,56
3969,49
3970,48
3971,55
3972,51
3973,84
3974,112
3975,110
3976,54
3977,91
3978,47
3979,46
3980,41
3981,113
3982,49
3983,56
3984,105
3985,52
3986,83
3987,106
3988,54
3989,50
3990,43
3991,51
3992,51
3993,48
3994,40
3995,49
3996,56
3997,46
3998,47
3999,120
4000,98
4001,60
4002,55
4003,49
4004,114
4005,49
4006,55
4007,41
4008,98
4009,105
4010,49
4011,48
4012,48
4013,49
4014,103
4015,44
4016,48
4017,51
4018,49
4019,56
4020,60
4021,107
4022,132
4023,93
4024,55
4025,99
4026,59
4027,101
4028,61
4029,46
4030,70
4031,46
4032,48
4033,112
4034,40
4035,48
4036,91
4037,52
4038,54
4039,48
4040,51
4041,49
4042,47
4043,45
4044,99
4045,97
4046,103
4047,107
4048,49
4049,119
4050,69
4051,78
4052,45
4053,47
4054,101
4055,103
4056,51
4057,42
4058,59
4059,94
4060,92
4061,108
4062,69
4063,94
4064,43
4065,111
4066,54
4067,101
4068,49
4069,67
4070,126
4071,48
4072,47
4073,53
4074,53
4075,97
4076,48
4077,114
4078,69
4079,48
4080,54
4081,106
4082,96
4083,49
4084,49
4085,59
4086,51
4087,133
4088,50
4089,49
4090,57
4091,52
4092,111
4093,50
4094,44
4095,95
4096,61
4097,51
4098,55
4099,47
4100,55
4101,76
4102,98
4103,108
4104,49
4105,60
4106,108
4107,132
4108,57
4109,107
4110,97
4111,77
4112,43
4113,53
4114,60
4115,92
4116,48
4117,104
4118,105
4119,103
4120,54
4121,58
4122,127
4123,52
4124,51
4125,105
4126,53
4127,100
4128,94
4129,51
4130,107
4131,60
4132,58
4133,52
4134,49
4135,45
4136,100
4137,43
4138,53
4139,69
4140,90
4141,65
4142,119
4143,105
4144,110
4145,62
4146,49
4147,52
4148,54
4149,52
4150,65
4151,41
4152,48
4153,97
4154,100
4155,94
4156,95
4157,107
4158,99
4159,53
4160,59
4161,105
4162,55
4163,105
4164,89
4165,53
4166,54
4167,103
4168,60
4169,108
4170,60
4171,103
4172,57
4173,60
4174,42
4175,103
4176,49
4177,52
4178,134
4179,57
4180,48
4181,45
4182,101
4183,48
4184,55
4185,104
4186,43
4187,98
4188,64
4189,57
4190,44
4191,90
4192,46
4193,42
4194,52
4195,49
4196,122
4197,43
4198,94
4199,42
4200,52
4201,50
4202,48
4203,109
4204,53
4205,51
4206,75
4207,103
4208,100
4209,81
4210,62
4211,51
4212,104
4213,61
4214,145
4215,52
4216,57
4217,106
4218,125
4219,51
4220,56
4221,41
4222,51
4223,100
4224,52
4225,96
4226,116
4227,54
4228,145
4229,71
4230,54
4231,121
4232,56
4233,42
4234,107
4235,53
4236,105
4237,94
4238,59
4239,48
4240,61
4241,88
4242,51
4243,50
4244,47
4245,49
4246,46
4247,47
4248,112
4249,70
4250,109
4251,46
4252,43
4253,51
4254,42
4255,105
4256,78
4257,55
4258,42
4259,97
4260,105
4261,55
4262,71
4263,58
4264,55
4265,96
4266,46
4267,46
4268,46
4269,108
4270,46
4271,91
4272,96
4273,42
4274,84
4275,104
4276,49
4277,100
4278,52
4279,48
4280,57
4281,46
4282,98
4283,48
4284,50
4285,43
4286,59
4287,100
4288,52
4289,91
4290,56
4291,44
4292,42
4293,42
4294,98
4295,47
4296,116
4297,58
4298,53
4299,116
4300,57
4301,137
4302,90
4303,54
4304,104
4305,71
4306,43
4307,101
4308,109
4309,51
4310,56
4311,41
4312,56
4313,113
4314,99
4315,51
4316,46
4317,102
4318,42
4319,96
4320,120
4321,48
4322,44
4323,47
4324,42
4325,63
4326,116
4327,49
4328,50
4329,112
4330,50
4331,49
4332,101
4333,64
4334,104
4335,107
4336,49
4337,53
4338,51
4339,47
4340,43
4341,130
4342,53
4343,44
4344,48
4345,50
4346,44
4347,108
4348,66
4349,67
4350,51
4351,47
4352,47
4353,112
4354,51
4355,116
4356,53
4357,49
4358,38
4359,109
4360,65
4361,52
4362,98
4363,52
4364,53
4365,53
4366,117
4367,56
4368,52
4369,55
4370,128
4371,43
4372,70
4373,104
4374,194
4375,85
4376,114
4377,67
4378,97
4379,90
4380,46
4381,77
4382,106
4383,45
4384,119
4385,87
4386,58
4387,36
4388,101
4389,91
4390,49
4391,43
4392,51
4393,50
4394,61
4395,51
4396,41
4397,42
4398,58
4399,51
4400,46
4401,54
4402,93
4403,63
4404,108
4405,63
4406,68
4407,45
4408,85
4409,110
4410,92
4411,47
4412,55
4413,49
4414,113
4415,52
4416,126
4417,100
4418,110
4419,41
4420,113
4421,102
4422,133
4423,61
4424,49
4425,42
4426,110
4427,58
4428,59
4429,68
4430,78
4431,46
4432,89
4433,60
4434,70
4435,145
4436,100
4437,43
4438,49
4439,87
4440,61
4441,116
4442,48
4443,41
4444,43
4445,52
4446,103
4447,49
4448,95
4449,116
4450,45
4451,96
4452,50
4453,106
4454,54
4455,106
4456,55
4457,81
4458,84
4459,41
4460,101
4461,113
4462,59
4463,53
4464,79
4465,106
4466,130
4467,52
4468,61
4469,110
4470,47
4471,52
4472,90
4473,47
4474,105
4475,62
4476,108
4477,101
4478,53
4479,46
4480,106
4481,60
4482,100
4483,54
4484,53
4485,97
4486,46
4487,101
4488,85
4489,44
4490,48
4491,61
4492,139
4493,108
4494,53
4495,52
4496,89
4497,57
4498,116
4499,63
4500,45
4501,68
4502,63
4503,47
4504,103
4505,53
4506,48
4507,52
4508,98
4509,98
4510,52
4511,46
4512,88
4513,128
4514,98
4515,45
4516,53
4517,88
4518,60
4519,36
4520,46
4521,43
4522,57
4523,47
4524,119
4525,55
4526,59
4527,51
4528,100
4529,48
4530,43
4531,59
4532,107
4533,42
4534,101
4535,112
4536,74
4537,53
4538,74
4539,52
4540,62
4541,49
4542,48
4543,114
4544,80
4545,56
4546,126
4547,48
4548,107
4549,87
4550,75
4551,52
4552,120
4553,93
4554,48
4555,107
4556,57
4557,78
4558,50
4559,107
4560,53
4561,55
4562,51
4563,46
4564,51
4565,48
4566,43
4567,94
4568,49
4569,103
4570,70
4571,47
4572,67
4573,132
4574,128
4575,121
4576,114
4577,81
4578,95
4579,117
4580,65
4581,43
4582,91
4583,104
4584,75
4585,121
4586,90
4587,112
4588,53
4589,117
4590,48
4591,108
4592,92
4593,123
4594,54
4595,41
4596,47
4597,106
4598,39
4599,58
4600,77
4601,46
4602,57
4603,64
4604,51
4605,59
4606,83
4607,50
4608,46
4609,125
4610,45
4611,49
4612,98
4613,64
4614,48
4615,54
4616,104
4617,121
4618,93
4619,135
4620,61
4621,52
4622,58
4623,55
4624,118
4625,58
4626,114
4627,53
4628,47
4629,43
4630,44
4631,57
4632,110
4633,60
4634,64
4635,56
4636,142
4637,45
4638,100
4639,110
4640,50
4641,46
4642,125
4643,52
4644,51
4645,126
4646,108
4647,119
4648,109
4649,43
4650,43
4651,104
4652,53
4653,62
4654,106
4655,125
4656,56
4657,56
4658,55
4659,41
4660,108
4661,113
4662,43
4663,124
4664,37
4665,58
4666,63
4667,106
4668,104
4669,115
4670,118
4671,112
4672,96
4673,50
4674,38
4675,42
4676,49
4677,50
4678,76
4679,136
4680,58
4681,142
4682,42
4683,60
4684,109
4685,46
4686,61
4687,59
4688,85
4689,119
4690,58
4691,49
4692,50
4693,49
4694,89
4695,47
4696,53
4697,99
4698,116
4699,74
4700,125
4701,53
4702,55
4703,46
4704,45
4705,50
4706,69
4707,54
4708,60
4709,89
4710,81
4711,51
4712,118
4713,93
4714,55
4715,50
4716,135
4717,41
4718,74
4719,96
4720,88
4721,84
4722,51
4723,119
4724,50
4725,131
4726,55
4727,54
4728,149
4729,116
4730,105
4731,95
4732,120
4733,52
4734,56
4735,43
4736,57
4737,103
4738,123
4739,47
4740,47
4741,54
4742,42
4743,106
4744,54
4745,111
4746,167
4747,125
4748,61
4749,61
4750,50
4751,49
4752,106
4753,163
4754,140
4755,127
4756,46
4757,44
4758,72
4759,55
4760,120
4761,107
4762,43
4763,51
4764,111
4765,50
4766,44
4767,116
4768,61
4769,43
4770,55
4771,109
4772,57
4773,46
4774,44
4775,91
4776,147
4777,67
4778,62
4779,107
4780,106
4781,105
4782,107
4783,117
4784,60
4785,48
4786,55
4787,64
4788,88
4789,121
4790,48
4791,117
4792,66
4793,53
4794,117
4795,56
4796,57
4797,71
4798,110
4799,113
4800,82
4801,49
4802,110
4803,107
4804,51
4805,67
4806,58
4807,96
4808,133
4809,58
4810,94
4811,103
4812,113
4813,95
4814,95
4815,50
4816,91
4817,86
4818,65
4819,114
4820,58
4821,108
4822,90
4823,48
4824,68
4825,63
4826,51
4827,56
4828,52
4829,128
4830,58
4831,108
4832,105
4833,57
4834,141
4835,57
4836,100
4837,51
4838,58
4839,44
4840,126
4841,9550
4842,112
4843,45
4844,138
4845,55
4846,116
4847,54
4848,51
4849,112
4850,110
4851,62
4852,121
4853,66
4854,114
4855,55
4856,57
4857,120
4858,51
4859,170
4860,103
4861,96
4862,54
4863,130
4864,49
4865,94
4866,129
4867,98
4868,52
4869,53
4870,104
4871,133
4872,71
4873,53
4874,42
4875,47
4876,52
4877,57
4878,71
4879,61
4880,57
4881,58
4882,59
4883,50
4884,57
4885,49
4886,47
4887,118
4888,99
4889,61
4890,88
4891,51
4892,58
4893,64
4894,56
4895,115
4896,126
4897,46
4898,103
4899,68
4900,100
4901,93
4902,61
4903,141
4904,59
4905,128
4906,72
4907,106
4908,48
4909,45
4910,60
4911,106
4912,62
4913,58
4914,54
4915,96
4916,140
4917,136
4918,57
4919,95
4920,97
4921,56
4922,54
4923,60
4924,115
4925,122
4926,68
4927,49
4928,100
4929,66
4930,101
4931,47
4932,56
4933,89
4934,52
4935,56
4936,59
4937,55
4938,111
4939,104
4940,51
4941,48
4942,50
4943,114
4944,44
4945,87
4946,53
4947,94
4948,47
4949,102
4950,52
4951,49
4952,63
4953,104
4954,82
4955,59
4956,103
4957,56
4958,50
4959,46
4960,87
4961,53
4962,49
4963,56
4964,126
4965,125
4966,117
4967,61
4968,102
4969,135
4970,58
4971,105
4972,93
4973,104
4974,122
4975,82
4976,58
4977,53
4978,112
4979,125
4980,110
4981,64
4982,51
4983,54
4984,56
4985,48
4986,83
4987,52
4988,48
4989,115
4990,161
4991,60
4992,58
4993,141
4994,105
4995,104
4996,52
4997,98
4998,48
4999,55
5000,107
5001,55
5002,124
5003,51
5004,53
5005,132
5006,171
5007,45
5008,111
5009,95
5010,129
5011,50
5012,100
5013,118
5014,121
5015,52
5016,58
5017,133
5018,60
5019,47
5020,46
5021,51
5022,163
5023,61
5024,53
5025,97
5026,54
5027,116
5028,97
5029,45
5030,45
5031,128
5032,128
5033,47
5034,56
5035,81
5036,53
5037,52
5038,123
5039,57
5040,49
5041,90
5042,52
5043,57
5044,56
5045,51
5046,107
5047,51
5048,113
5049,38
5050,45
5051,45
5052,57
5053,42
5054,52
5055,115
5056,66
5057,65
5058,117
5059,55
5060,42
5061,67
5062,106
5063,46
5064,133
5065,49
5066,110
5067,68
5068,56
5069,48
5070,45
5071,61
5072,46
5073,42
5074,100
5075,60
5076,132
5077,67
5078,112
5079,56
5080,109
5081,101
5082,128
5083,112
5084,101
5085,55
5086,76
5087,49
5088,124
5089,113
5090,101
5091,107
5092,55
5093,46
5094,54
5095,45
5096,48
5097,75
5098,114
5099,60
5100,89
5101,104
5102,49
5103,79
5104,108
5105,110
5106,136
5107,108
5108,48
5109,116
5110,64
5111,99
5112,55
5113,94
5114,50
5115,47
5116,103
5117,96
5118,60
5119,69
5120,53
5121,53
5122,91
5123,62
5124,122
5125,51
5126,43
5127,125
5128,51
5129,51
5130,48
5131,55
5132,131
5133,62
5134,85
5135,131
5136,65
5137,136
5138,48
5139,52
5140,111
5141,130
5142,54
5143,55
5144,58
5145,42
5146,103
5147,42
5148,51
5149,114
5150,132
5151,131
5152,53
5153,55
5154,48
5155,65
5156,50
5157,112
5158,99
5159,157
5160,53
5161,46
5162,53
5163,51
5164,100
5165,56
5166,133
5167,55
5168,63
5169,98
5170,134
5171,67
5172,140
5173,46
5174,51
5175,123
5176,113
5177,52
5178,74
5179,57
5180,54
5181,58
5182,54
5183,119
5184,53
5185,154
5186,48
5187,56
5188,89
5189,92
5190,102
5191,62
5192,55
5193,56
5194,39
5195,46
5196,44
5197,101
5198,55
5199,60
5200,55
5201,59
5202,124
5203,51
5204,45
5205,121
5206,50
5207,92
5208,109
5209,50
5210,50
5211,48
5212,58
5213,36
5214,112
5215,54
5216,41
5217,134
5218,59
5219,57
5220,107
5221,108
5222,99
5223,108
5224,44
5225,98
5226,46
5227,49
5228,59
5229,106
5230,60
5231,100
5232,50
5233,45
5234,60
5235,137
5236,92
5237,144
5238,82
5239,118
5240,55
5241,45
5242,44
5243,47
5244,40
5245,65
5246,59
5247,124
5248,65
5249,51
5250,51
5251,124
5252,59
5253,104
5254,115
5255,61
5256,91
5257,51
5258,110
5259,47
5260,49
5261,110
5262,119
5263,59
5264,103
5265,106
5266,62
5267,46
5268,110
5269,76
5270,66
5271,55
5272,62
5273,100
5274,60
5275,64
5276,51
5277,114
5278,106
5279,50
5280,46
5281,100
5282,119
5283,44
5284,54
5285,50
5286,40
5287,56
5288,113
5289,147
5290,85
5291,58
5292,100
5293,94
5294,146
5295,54
5296,120
5297,52
5298,43
5299,163
5300,124
5301,58
5302,140
5303,125
5304,56
5305,89
5306,123
5307,56
5308,121
5309,66
5310,51
5311,99
5312,48
5313,61
5314,103
5315,46
5316,146
5317,57
5318,119
5319,127
5320,50
5321,55
5322,114
5323,108
5324,41
5325,118
5326,59
5327,110
5328,62
5329,120
5330,122
5331,51
5332,136
5333,57
5334,92
5335,44
5336,56
5337,105
5338,113
5339,97
5340,142
5341,64
5342,129
5343,133
5344,111
5345,92
5346,59
5347,47
5348,115
5349,98
5350,47
5351,57
5352,51
5353,64
5354,128
5355,129
5356,99
5357,117
5358,44
5359,57
5360,59
5361,96
5362,134
5363,122
5364,59
5365,53
5366,150
5367,107
5368,52
5369,107
5370,108
5371,129
5372,91
5373,104
5374,42
5375,57
5376,133
5377,59
5378,47
5379,140
5380,65
5381,50
5382,115
5383,117
5384,56
5385,56
5386,58
5387,57
5388,105
5389,60
5390,145
5391,114
5392,107
5393,104
5394,128
5395,137
5396,58
5397,58
5398,150
5399,72
5400,55
5401,134
5402,51
5403,124
5404,112
5405,65
5406,117
5407,113
5408,131
5409,55
5410,52
5411,52
5412,49
5413,57
5414,43
5415,52
5416,115
5417,116
5418,88
5419,60
5420,126
5421,41
5422,59
5423,93
5424,56
5425,118
5426,156
5427,58
5428,54
5429,94
5430,54
5431,64
5432,130
5433,45
5434,56
5435,44
5436,58
5437,123
5438,75
5439,54
5440,44
5441,129
5442,50
5443,51
5444,100
5445,130
5446,175
5447,116
5448,62
5449,63
5450,105
5451,135
5452,73
5453,50
5454,111
5455,66
5456,62
5457,50
5458,71
5459,47
5460,96
5461,110
5462,67
5463,58
5464,112
5465,86
5466,60
5467,106
5468,93
5469,132
5470,61
5471,58
5472,57
5473,125
5474,135
5475,66
5476,55
5477,137
5478,53
5479,55
5480,135
5481,52
5482,54
5483,53
5484,55
5485,43
5486,61
5487,55
5488,122
5489,108
5490,106
5491,48
5492,57
5493,57
5494,55
5495,125
5496,60
5497,67
5498,62
5499,49
5500,57
5501,51
5502,105
5503,137
5504,52
5505,53
5506,94
5507,127
5508,118
5509,144
5510,118
5511,102
5512,142
5513,129
5514,63
5515,107
5516,92
5517,107
5518,70
5519,98
5520,120
5521,111
5522,58
5523,51
5524,124
5525,60
5526,113
5527,51
5528,113
5529,105
5530,123
5531,61
5532,48
5533,46
5534,79
5535,111
5536,60
5537,54
5538,122
5539,52
5540,96
5541,55
5542,63
5543,46
5544,53
5545,130
5546,51
5547,114
5548,130
5549,57
5550,53
5551,150
5552,65
5553,43
5554,57
5555,60
5556,131
5557,50
5558,118
5559,52
5560,67
5561,104
5562,52
5563,138
5564,54
5565,127
5566,45
5567,40
5568,111
5569,138
5570,140
5571,133
5572,48
5573,150
5574,53
5575,114
5576,53
5577,136
5578,68
5579,112
5580,123
5581,85
5582,55
5583,137
5584,54
5585,111
5586,58
5587,60
5588,63
5589,52
5590,59
5591,56
5592,58
5593,98
5594,85
5595,52
5596,160
5597,59
5598,54
5599,59
5600,107
5601,146
5602,133
5603,62
5604,67
5605,51
5606,61
5607,75
5608,132
5609,101
5610,56
5611,46
5612,46
5613,128
5614,168
5615,117
5616,42
5617,58
5618,53
5619,132
5620,43
5621,50
5622,56
5623,41
5624,45
5625,94
5626,128
5627,53
5628,53
5629,113
5630,45
5631,111
5632,94
5633,85
5634,95
5635,168
5636,180
5637,92
5638,43
5639,48
5640,146
5641,122
5642,112
5643,92
5644,127
5645,72
5646,145
5647,122
5648,124
5649,121
5650,55
5651,108
5652,63
5653,58
5654,59
5655,91
5656,114
5657,128
5658,129
5659,94
5660,110
5661,120
5662,107
5663,160
5664,117
5665,62
5666,132
5667,49
5668,95
5669,65
5670,60
5671,140
5672,56
5673,111
5674,62
5675,126
5676,50
5677,53
5678,61
5679,122
5680,63
5681,125
5682,137
5683,65
5684,92
5685,117
5686,42
5687,124
5688,124
5689,156
5690,57
5691,126
5692,123
5693,117
5694,68
5695,136
5696,105
5697,46
5698,170
5699,137
5700,160
5701,121
5702,56
5703,55
5704,57
5705,67
5706,140
5707,67
5708,58
5709,62
5710,101
5711,118
5712,49
5713,58
5714,49
5715,122
5716,66
5717,149
5718,116
5719,98
5720,53
5721,117
5722,144
5723,63
5724,162
5725,150
5726,64
5727,98
5728,72
5729,117
5730,47
5731,123
5732,121
5733,89
5734,61
5735,120
5736,175
5737,66
5738,66
5739,51
5740,128
5741,54
5742,115
5743,122
5744,60
5745,63
5746,122
5747,133
5748,58
5749,91
5750,100
5751,59
5752,63
5753,122
5754,117
5755,154
5756,66
5757,70
5758,63
5759,108
5760,130
5761,145
5762,101
5763,57
5764,61
5765,60
5766,54
5767,93
5768,57
5769,44
5770,120
5771,117
5772,119
5773,128
5774,58
5775,67
5776,161
5777,130
5778,138
5779,49
5780,58
5781,71
5782,84
5783,90
5784,54
5785,55
5786,58
5787,107
5788,69
5789,106
5790,114
5791,112
5792,83
5793,70
5794,57
5795,66
5796,78
5797,58
5798,89
5799,62
5800,65
5801,117
5802,129
5803,98
5804,100
5805,58
5806,47
5807,121
5808,125
5809,64
5810,93
5811,62
5812,98
5813,65
5814,119
5815,55
5816,91
5817,133
5818,52
5819,58
5820,111
5821,55
5822,61
5823,49
5824,111
5825,110
5826,59
5827,142
5828,57
5829,52
5830,111
5831,54
5832,135
5833,54
5834,146
5835,61
5836,101
5837,110
5838,52
5839,56
5840,60
5841,46
5842,95
5843,114
5844,97
5845,68
5846,55
5847,91
5848,63
5849,58
5850,123
5851,67
5852,148
5853,64
5854,132
5855,46
5856,57
5857,70
5858,114
5859,58
5860,48
5861,51
5862,114
5863,151
5864,121
5865,45
5866,54
5867,55
5868,49
5869,121
5870,77
5871,39
5872,101
5873,64
5874,45
5875,51
5876,49
5877,176
5878,116
5879,90
5880,59
5881,50
5882,145
5883,48
5884,60
5885,131
5886,99
5887,52
5888,58
5889,62
5890,110
5891,48
5892,49
5893,140
5894,54
5895,111
5896,114
5897,53
5898,52
5899,110
5900,73
5901,135
5902,95
5903,130
5904,130
5905,46
5906,60
5907,111
5908,152
5909,100
5910,133
5911,57
5912,115
5913,59
5914,122
5915,102
5916,125
5917,62
5918,120
5919,147
5920,58
5921,46
5922,134
5923,60
5924,63
5925,51
5926,123
5927,91
5928,107
5929,58
5930,47
5931,120
5932,52
5933,61
5934,140
5935,123
5936,124
5937,116
5938,124
5939,58
5940,66
5941,55
5942,142
5943,58
5944,56
5945,51
5946,54
5947,47
5948,43
5949,120
5950,98
5951,60
5952,113
5953,90
5954,105
5955,52
5956,118
5957,150
5958,59
5959,103
5960,103
5961,74
5962,106
5963,122
5964,118
5965,55
5966,103
5967,70
5968,121
5969,116
5970,106
5971,105
5972,73
5973,60
5974,122
5975,49
5976,87
5977,136
5978,127
5979,86
5980,110
5981,105
5982,126
5983,58
5984,67
5985,109
5986,248
5987,70
5988,116
5989,116
5990,99
5991,139
5992,110
5993,133
5994,99
5995,111
5996,46
5997,155
5998,62
5999,100
6000,59
6001,68
6002,83
6003,57
6004,53
6005,111
6006,55
6007,102
6008,64
6009,65
6010,66
6011,66
6012,47
6013,54
6014,62
6015,108
6016,116
6017,113
6018,54
6019,118
6020,131
6021,125
6022,72
6023,141
6024,52
6025,61
6026,117
6027,58
6028,61
6029,62
6030,63
6031,52
6032,169
6033,74
6034,105
6035,117
6036,56
6037,122
6038,129
6039,61
6040,61
6041,129
6042,63
6043,54
6044,44
6045,124
6046,46
6047,122
6048,51
6049,54
6050,132
6051,58
6052,120
6053,98
6054,61
6055,62
6056,82
6057,50
6058,148
6059,108
6060,51
6061,69
6062,142
6063,95
6064,49
6065,47
6066,54
6067,93
6068,45
6069,125
6070,123
6071,161
6072,53
6073,60
6074,90
6075,115
6076,77
6077,86
6078,117
6079,62
6080,99
6081,49
6082,79
6083,60
6084,116
6085,90
6086,151
6087,159
6088,89
6089,130
6090,118
6091,131
6092,59
6093,119
6094,134
6095,112
6096,100
6097,88
6098,59
6099,144
6100,133
6101,114
6102,151
6103,70
6104,51
6105,120
6106,72
6107,55
6108,113
6109,140
6110,106
6111,151
6112,58
6113,51
6114,55
6115,128
6116,60
6117,66
6118,46
6119,130
6120,108
6121,110
6122,59
6123,49
6124,125
6125,50
6126,63
6127,47
6128,112
6129,59
6130,53
6131,52
6132,111
6133,89
6134,73
6135,127
6136,67
6137,108
6138,57
6139,53
6140,126
6141,64
6142,124
6143,160
6144,65
6145,323422
6146,103
6147,119
6148,86
6149,68
6150,86
6151,105
6152,64
6153,72
6154,58
6155,107
6156,63
6157,61
6158,57
6159,60
6160,113
6161,60
6162,112
6163,95
6164,110
6165,112
6166,67
6167,56
6168,82
6169,98
6170,88
6171,89
6172,75
6173,68
6174,127
6175,86
6176,92
6177,65
6178,68
6179,51
6180,107
6181,63
6182,99
6183,57
6184,98
6185,72
6186,54
6187,66
6188,51
6189,103
6190,129
6191,67
6192,66
6193,60
6194,57
6195,111
6196,58
6197,99
6198,83
6199,53
6200,102
6201,56
6202,48
6203,119
6204,75
6205,60
6206,107
6207,62
6208,84
6209,78
6210,112
6211,129
6212,61
6213,121
6214,67
6215,61
6216,140
6217,146
6218,56
6219,62
6220,51
6221,64
6222,63
6223,80
6224,116
6225,87
6226,82
6227,87
6228,58
6229,55
6230,55
6231,119
6232,132
6233,114
6234,63
6235,108
6236,60
6237,57
6238,109
6239,69
6240,41
6241,87
6242,58
6243,58
6244,100
6245,61
6246,72
6247,117
6248,63
6249,111
6250,48
6251,51
6252,108
6253,60
6254,60
6255,98
6256,49
6257,62
6258,122
6259,127
6260,47
6261,95
6262,64
6263,58
6264,45
6265,55
6266,51
6267,159
6268,73
6269,60
6270,50
6271,61
6272,124
6273,54
6274,68
6275,45
6276,109
6277,55
6278,63
6279,55
6280,45
6281,117
6282,54
6283,44
6284,65
6285,71
6286,58
6287,64
6288,65
6289,46
6290,120
6291,106
6292,55
6293,108
6294,66
6295,121
6296,54
6297,49
6298,54
6299,69
6300,107
6301,50
6302,115
6303,57
6304,54
6305,54
6306,54
6307,50
6308,127
6309,51
6310,185
6311,52
6312,93
6313,46
6314,79
6315,55
6316,53
6317,38
6318,49
6319,43
6320,49
6321,50
6322,97
6323,56
6324,105
6325,122
6326,131
6327,63
6328,53
6329,49
6330,98
6331,44
6332,65
6333,60
6334,136
6335,61
6336,49
6337,106
6338,67
6339,63
6340,49
6341,48
6342,63
6343,58
6344,58
6345,64
6346,51
6347,101
6348,64
6349,113
6350,50
6351,93
6352,135
6353,48
6354,67
6355,52
6356,52
6357,50
6358,64
6359,118
6360,108
6361,126
6362,81
6363,48
6364,49
6365,52
6366,55
6367,42
6368,51
6369,50
6370,98
6371,105
6372,92
6373,54
6374,124
6375,111
6376,116
6377,106
6378,108
6379,57
6380,55
6381,77
6382,116
6383,134
6384,56
6385,50
6386,106
6387,55
6388,59
6389,40
6390,43
6391,63
6392,57
6393,39
6394,53
6395,61
6396,41
6397,45
6398,119
6399,47
6400,56
6401,51
6402,59
6403,49
6404,108
6405,50
6406,67
6407,111
6408,52
6409,134
6410,148
6411,97
6412,50
6413,42
6414,92
6415,67
6416,49
6417,56
6418,99
6419,53
6420,79
6421,44
6422,94
6423,50
6424,134
6425,62
6426,51
6427,123
6428,71
6429,75
6430,111
6431,49
6432,104
6433,58
6434,56
6435,54
6436,73
6437,46
6438,113
6439,69
6440,62
6441,58
6442,52
6443,50
6444,60
6445,97
6446,133
6447,57
6448,56
6449,59
6450,67
6451,54
6452,50
6453,58
6454,52
6455,109
6456,52
6457,54
6458,97
6459,65
6460,150
6461,47
6462,54
6463,71
6464,123
6465,56
6466,62
6467,59
6468,100
6469,111
6470,43
6471,68
6472,68
6473,50
6474,51
6475,45
6476,45
6477,44
6478,47
6479,48
6480,54
6481,45
6482,135
6483,50
6484,62
6485,69
6486,96
6487,81
6488,55
6489,110
6490,48
6491,61
6492,56
6493,80
6494,63
6495,46
6496,46
6497,119
6498,48
6499,47
6500,48
6501,118
6502,43
6503,61
6504,142
6505,52
6506,40
6507,120
6508,105
6509,61
6510,118
6511,45
6512,50
6513,56
6514,62
6515,62
6516,43
6517,116
6518,141
6519,51
6520,113
6521,37
6522,46
6523,44
6524,72
6525,59
6526,84
6527,65
6528,57
6529,99
6530,143
6531,49
6532,111
6533,49
6534,123
6535,122
6536,123
6537,51
6538,54
6539,56
6540,50
6541,110
6542,55
6543,45
6544,52
6545,59
6546,62
6547,70
6548,55
6549,102
6550,106
6551,72
6552,53
6553,54
6554,50
6555,50
6556,58
6557,112
6558,51
6559,56
6560,110
6561,68
6562,51
6563,58
6564,50
6565,109
6566,131
6567,114
6568,122
6569,94
6570,53
6571,101
6572,52
6573,50
6574,100
6575,60
6576,51
6577,99
6578,111
6579,87
6580,109
6581,121
6582,53
6583,75
6584,91
6585,61
6586,99
6587,61
6588,132
6589,53
6590,65
6591,60
6592,113
6593,115
6594,51
6595,86
6596,112
6597,51
6598,69
6599,83
6600,66
6601,52
6602,85
6603,53
6604,53
6605,43
6606,54
6607,72
6608,70
6609,138
6610,52
6611,58
6612,41
6613,42
6614,54
6615,52
6616,42
6617,44
6618,111
6619,54
6620,124
6621,51
6622,55
